0.25 0.00000 0.00000 0.00000 0.00e+00 0.00 0.00 0.00 0.00e+00 0.00e+00 3.00e+05 -nan 3.00e+05 299910.75 0.75 0.00000 0.00000 0.00000 0.00000 0.00000 0.00000 0.00000 0.00000 0.00370 0.00000 
0.75 0.20902 0.00784 0.20118 -1.34e+08 0.00 0.00 0.00 7.44e+45 0.00e+00 5.71e+05 -nan 2.01e+09 20118364160.00 1.75 0.00068 0.01408 0.07858 0.00016 0.00000 0.00000 0.00000 0.00740 0.00711 0.00000 
1.25 0.18579 0.00809 0.17771 -2.35e+08 0.00 0.01 -0.01 6.61e+45 7.63e+35 9.31e+05 -nan 1.78e+09 17771571200.00 2.75 0.00122 0.02475 0.07934 0.00015 0.00025 0.00028 -0.00003 0.00761 0.00446 0.01335 
1.75 0.17926 0.00712 0.17214 -3.48e+08 0.00 0.04 -0.04 6.38e+45 2.14e+36 1.36e+06 -nan 1.72e+09 17215821824.00 3.75 0.00157 0.03633 0.03943 0.00012 0.00078 0.00068 0.00009 0.00661 0.00588 0.03669 
2.25 0.17891 0.00238 0.17654 -1.10e+08 0.00 0.08 -0.07 6.37e+45 3.91e+36 1.83e+06 -nan 1.77e+09 17655519232.00 4.75 0.00313 0.01412 0.07396 0.00012 0.00112 0.00127 -0.00015 0.00215 0.00618 0.07050 
2.75 0.05861 0.00695 0.05166 -5.59e+08 0.01 0.09 -0.08 2.09e+45 7.45e+36 2.32e+06 -nan 5.19e+08 5168228352.00 5.75 0.00149 0.05740 0.03379 0.00013 0.00242 0.00196 0.00046 0.00678 0.01039 0.08323 
3.25 0.06086 0.00852 0.05233 -7.63e+08 0.01 0.15 -0.14 2.17e+45 9.13e+36 2.80e+06 -nan 5.26e+08 5235936256.00 6.75 0.00175 0.07805 0.02943 0.00011 0.00328 0.00304 0.00024 0.00832 0.00430 0.13920 
3.75 0.10161 0.00359 0.09802 -3.68e+08 0.01 0.22 -0.21 3.62e+45 1.11e+37 3.24e+06 -nan 9.83e+08 9804856320.00 7.75 0.00218 0.03896 0.05041 0.00006 0.00412 0.00406 0.00007 0.00345 0.00575 0.21533 
4.25 0.04161 0.00734 0.03427 -8.98e+08 0.01 0.26 -0.25 1.48e+45 1.36e+37 3.64e+06 -nan 3.46e+08 3430992640.00 8.75 0.00134 0.09113 0.02679 0.00011 0.00521 0.00477 0.00044 0.00712 0.00330 0.25274 
4.75 0.04032 0.00536 0.03496 -7.28e+08 0.01 0.35 -0.34 1.44e+45 1.51e+37 3.97e+06 -nan 3.54e+08 3500333824.00 9.75 0.00269 0.07548 0.02780 0.00008 0.00607 0.00611 -0.00004 0.00524 0.00154 0.34109 
5.25 0.01505 0.01489 0.00016 -2.39e+09 0.02 0.43 -0.41 5.36e+44 1.81e+37 4.22e+06 -nan 5.81e+06 20090242.00 10.75 0.00169 0.24027 0.01080 0.00016 0.00792 0.00716 0.00076 0.01457 0.00032 0.41494 
5.75 0.02322 0.00643 0.01680 -1.08e+09 0.02 0.67 -0.65 8.27e+44 2.00e+37 4.40e+06 -nan 1.72e+08 1684203904.00 11.75 0.00318 0.11105 0.01836 0.00026 0.00914 0.00964 -0.00050 0.00620 0.00012 0.65000 
6.25 0.01140 0.00362 0.00778 -6.65e+08 0.02 0.78 -0.76 4.06e+44 2.36e+37 4.51e+06 -nan 8.23e+07 782121024.00 12.75 0.00233 0.06884 0.00925 0.00014 0.01165 0.01392 -0.00227 0.00347 0.00000 0.75721 
6.75 0.00585 0.00545 0.00039 -1.10e+09 0.02 0.85 -0.83 2.08e+44 2.62e+37 4.55e+06 -nan 8.49e+06 43945840.00 13.75 0.00165 0.11115 0.00473 0.00020 0.01354 0.01644 -0.00290 0.00513 0.00000 0.82322 
7.25 0.00621 0.00640 -0.00019 -1.37e+09 0.02 0.96 -0.94 2.21e+44 2.81e+37 4.52e+06 -nan 2.62e+06 -14475109.00 14.75 0.00261 0.13992 0.00559 0.00045 0.01487 0.02035 -0.00548 0.00592 0.00000 0.92786 
7.75 0.00645 0.00614 0.00031 -1.40e+09 0.03 1.10 -1.07 2.30e+44 3.10e+37 4.44e+06 -nan 7.55e+06 35545776.00 15.75 0.00417 0.14438 0.00538 0.00039 0.01722 0.03008 -0.01286 0.00558 0.00000 1.05719 
8.25 0.00559 0.00387 0.00172 -9.07e+08 0.03 1.25 -1.21 1.99e+44 3.57e+37 4.31e+06 -nan 2.15e+07 176195568.00 16.75 0.00596 0.09671 0.00495 0.00048 0.02069 0.03910 -0.01841 0.00351 0.00000 1.18836 
8.75 0.00177 0.00342 -0.00165 -8.86e+08 0.04 1.34 -1.30 6.32e+43 4.25e+37 4.15e+06 -nan -1.23e+07 -160730992.00 17.75 0.00301 0.09160 0.00147 0.00020 0.02598 0.05068 -0.02470 0.00310 0.00000 1.27602 
9.25 0.00152 0.00213 -0.00061 -5.77e+08 0.04 1.43 -1.39 5.42e+43 4.59e+37 3.95e+06 -nan -2.15e+06 -57052756.00 18.75 0.00262 0.06032 0.00137 0.00027 0.02846 0.05587 -0.02741 0.00193 0.00000 1.35887 
9.75 0.00180 0.00125 0.00054 -3.43e+08 0.04 1.49 -1.45 6.39e+43 4.88e+37 3.73e+06 -nan 9.17e+06 58086228.00 19.75 0.00325 0.03752 0.00169 0.00013 0.03083 0.06319 -0.03236 0.00114 0.00000 1.41355 
10.25 0.00237 0.00054 0.00183 -1.20e+08 0.05 1.53 -1.49 8.44e+43 5.25e+37 3.50e+06 -nan 2.18e+07 186798352.00 20.75 0.00499 0.01696 0.00216 0.00009 0.03388 0.06681 -0.03292 0.00048 0.00000 1.44766 
10.75 0.00264 0.00018 0.00246 5.11e+06 0.05 1.55 -1.50 9.41e+43 5.81e+37 3.25e+06 -nan 2.78e+07 249009168.00 21.75 0.00672 0.00621 0.00236 0.00004 0.03844 0.06952 -0.03108 0.00017 0.00000 1.46272 
11.25 0.00163 0.00015 0.00148 -3.09e+06 0.06 1.56 -1.50 5.81e+43 6.57e+37 3.01e+06 -nan 1.78e+07 150712656.00 22.75 0.00506 0.00537 0.00154 0.00000 0.04443 0.07093 -0.02650 0.00014 0.00000 1.46844 
11.75 0.00092 0.00011 0.00081 -7.78e+06 0.06 1.56 -1.50 3.28e+43 7.14e+37 2.77e+06 -nan 1.08e+07 83489208.00 23.75 0.00333 0.00411 0.00086 0.00003 0.04921 0.07093 -0.02172 0.00010 0.00000 1.47335 
12.25 0.00132 0.00000 0.00132 5.27e+07 0.07 1.56 -1.50 4.68e+43 7.52e+37 2.53e+06 -nan 1.57e+07 134083552.00 24.75 0.00527 0.00000 0.00126 0.00001 0.05231 0.07181 -0.01950 0.00000 0.00000 1.47710 
12.75 0.00092 0.00000 0.00092 3.45e+07 0.07 1.56 -1.49 3.27e+43 8.11e+37 2.30e+06 -nan 1.15e+07 94172800.00 25.75 0.00345 0.00000 0.00087 0.00000 0.05734 0.07212 -0.01478 0.00000 0.00000 1.47710 
13.25 0.00101 0.00000 0.00101 3.66e+07 0.08 1.56 -1.49 3.61e+43 8.50e+37 2.08e+06 -nan 1.22e+07 103574880.00 26.75 0.00366 0.00000 0.00094 0.00000 0.06062 0.07212 -0.01150 0.00000 0.00000 1.47710 
13.75 0.00115 0.00000 0.00115 3.43e+07 0.08 1.56 -1.49 4.09e+43 8.91e+37 1.87e+06 -nan 1.34e+07 116668032.00 27.75 0.00343 0.00000 0.00107 0.00000 0.06400 0.07212 -0.00812 0.00000 0.00000 1.47710 
14.25 0.00060 0.00000 0.00060 1.97e+07 0.08 1.56 -1.48 2.13e+43 9.30e+37 1.68e+06 -nan 7.66e+06 61520936.00 28.75 0.00197 0.00000 0.00058 0.00000 0.06720 0.07212 -0.00492 0.00000 0.00000 1.47710 
14.75 0.00086 0.00000 0.00086 3.21e+07 0.08 1.56 -1.48 3.06e+43 9.52e+37 1.50e+06 -nan 1.01e+07 87549120.00 29.75 0.00321 0.00000 0.00081 0.00000 0.06910 0.07212 -0.00302 0.00000 0.00000 1.47710 
15.25 0.00000 0.00000 0.00000 0.00e+00 0.09 1.56 -1.48 0.00e+00 9.88e+37 1.34e+06 -nan 1.34e+06 1335992.12 30.75 0.00000 0.00000 0.00000 0.00000 0.07212 0.07212 0.00000 0.00000 0.00000 1.47710 
15.75 0.00000 0.00000 0.00000 0.00e+00 0.09 1.56 -1.48 0.00e+00 9.88e+37 1.18e+06 -nan 1.18e+06 1184932.88 31.75 0.00000 0.00000 0.00000 0.00000 0.07212 0.07212 0.00000 0.00000 0.00000 1.47710 
16.25 0.00000 0.00000 0.00000 0.00e+00 0.09 1.56 -1.48 0.00e+00 9.88e+37 1.05e+06 -nan 1.05e+06 1047457.19 32.75 0.00000 0.00000 0.00000 0.00000 0.07212 0.07212 0.00000 0.00000 0.00000 1.47710 
16.75 0.00000 0.00000 0.00000 0.00e+00 0.09 1.56 -1.48 0.00e+00 9.88e+37 9.23e+05 -nan 9.23e+05 923019.38 33.75 0.00000 0.00000 0.00000 0.00000 0.07212 0.07212 0.00000 0.00000 0.00000 1.47710 
17.25 0.00000 0.00000 0.00000 0.00e+00 0.09 1.56 -1.48 0.00e+00 9.88e+37 8.11e+05 -nan 8.11e+05 810941.31 34.75 0.00000 0.00000 0.00000 0.00000 0.07212 0.07212 0.00000 0.00000 0.00000 1.47710 
17.75 0.00000 0.00000 0.00000 0.00e+00 0.09 1.56 -1.48 0.00e+00 9.88e+37 7.10e+05 -nan 7.10e+05 710459.44 35.75 0.00000 0.00000 0.00000 0.00000 0.07212 0.07212 0.00000 0.00000 0.00000 1.47710 
18.25 0.00000 0.00000 0.00000 0.00e+00 0.09 1.56 -1.48 0.00e+00 9.88e+37 6.21e+05 -nan 6.21e+05 620758.12 36.75 0.00000 0.00000 0.00000 0.00000 0.07212 0.07212 0.00000 0.00000 0.00000 1.47710 
18.75 0.00000 0.00000 0.00000 0.00e+00 0.09 1.56 -1.48 0.00e+00 9.88e+37 5.41e+05 -nan 5.41e+05 540998.62 37.75 0.00000 0.00000 0.00000 0.00000 0.07212 0.07212 0.00000 0.00000 0.00000 1.47710 
19.25 0.00000 0.00000 0.00000 0.00e+00 0.09 1.56 -1.48 0.00e+00 9.88e+37 4.70e+05 -nan 4.70e+05 470341.94 38.75 0.00000 0.00000 0.00000 0.00000 0.07212 0.07212 0.00000 0.00000 0.00000 1.47710 
19.75 0.00000 0.00000 0.00000 0.00e+00 0.09 1.56 -1.48 0.00e+00 9.88e+37 4.08e+05 -nan 4.08e+05 407966.59 39.75 0.00000 0.00000 0.00000 0.00000 0.07212 0.07212 0.00000 0.00000 0.00000 1.47710 
20.25 0.00000 0.00000 0.00000 0.00e+00 0.09 1.56 -1.48 0.00e+00 9.88e+37 3.53e+05 -nan 3.53e+05 353081.44 40.75 0.00000 0.00000 0.00000 0.00000 0.07212 0.07212 0.00000 0.00000 0.00000 1.47710 
20.75 0.00000 0.00000 0.00000 0.00e+00 0.09 1.56 -1.48 0.00e+00 9.88e+37 3.05e+05 -nan 3.05e+05 304935.25 41.75 0.00000 0.00000 0.00000 0.00000 0.07212 0.07212 0.00000 0.00000 0.00000 1.47710 
21.25 0.00000 0.00000 0.00000 0.00e+00 0.09 1.56 -1.48 0.00e+00 9.88e+37 2.63e+05 -nan 2.63e+05 262822.75 42.75 0.00000 0.00000 0.00000 0.00000 0.07212 0.07212 0.00000 0.00000 0.00000 1.47710 
21.75 0.00000 0.00000 0.00000 0.00e+00 0.09 1.56 -1.48 0.00e+00 9.88e+37 2.26e+05 -nan 2.26e+05 226088.50 43.75 0.00000 0.00000 0.00000 0.00000 0.07212 0.07212 0.00000 0.00000 0.00000 1.47710 
22.25 0.00000 0.00000 0.00000 0.00e+00 0.09 1.56 -1.48 0.00e+00 9.88e+37 1.94e+05 -nan 1.94e+05 194128.52 44.75 0.00000 0.00000 0.00000 0.00000 0.07212 0.07212 0.00000 0.00000 0.00000 1.47710 
22.75 0.00000 0.00000 0.00000 0.00e+00 0.09 1.56 -1.48 0.00e+00 9.88e+37 1.66e+05 -nan 1.66e+05 166390.58 45.75 0.00000 0.00000 0.00000 0.00000 0.07212 0.07212 0.00000 0.00000 0.00000 1.47710 
23.25 0.00000 0.00000 0.00000 0.00e+00 0.09 1.56 -1.48 0.00e+00 9.88e+37 1.42e+05 -nan 1.42e+05 142373.00 46.75 0.00000 0.00000 0.00000 0.00000 0.07212 0.07212 0.00000 0.00000 0.00000 1.47710 
23.75 0.00000 0.00000 0.00000 0.00e+00 0.09 1.56 -1.48 0.00e+00 9.88e+37 1.22e+05 -nan 1.22e+05 121622.95 47.75 0.00000 0.00000 0.00000 0.00000 0.07212 0.07212 0.00000 0.00000 0.00000 1.47710 
24.25 0.00000 0.00000 0.00000 0.00e+00 0.09 1.56 -1.48 0.00e+00 9.88e+37 1.04e+05 -nan 1.04e+05 103733.61 48.75 0.00000 0.00000 0.00000 0.00000 0.07212 0.07212 0.00000 0.00000 0.00000 1.47710 
24.75 0.00000 0.00000 0.00000 0.00e+00 0.09 1.56 -1.48 0.00e+00 9.88e+37 8.83e+04 -nan 8.83e+04 88341.68 49.75 0.00000 0.00000 0.00000 0.00000 0.07212 0.07212 0.00000 0.00000 0.00000 1.47710 
25.25 0.00000 0.00000 0.00000 0.00e+00 0.09 1.56 -1.48 0.00e+00 9.88e+37 7.51e+04 -nan 7.51e+04 75123.98 50.75 0.00000 0.00000 0.00000 0.00000 0.07212 0.07212 0.00000 0.00000 0.00000 1.47710 
25.75 0.00000 0.00000 0.00000 0.00e+00 0.09 1.56 -1.48 0.00e+00 9.88e+37 6.38e+04 -nan 6.38e+04 63794.22 51.75 0.00000 0.00000 0.00000 0.00000 0.07212 0.07212 0.00000 0.00000 0.00000 1.47710 
26.25 0.00000 0.00000 0.00000 0.00e+00 0.09 1.56 -1.48 0.00e+00 9.88e+37 5.41e+04 -nan 5.41e+04 54099.83 52.75 0.00000 0.00000 0.00000 0.00000 0.07212 0.07212 0.00000 0.00000 0.00000 1.47710 
26.75 0.00000 0.00000 0.00000 0.00e+00 0.09 1.56 -1.48 0.00e+00 9.88e+37 4.58e+04 -nan 4.58e+04 45818.73 53.75 0.00000 0.00000 0.00000 0.00000 0.07212 0.07212 0.00000 0.00000 0.00000 1.47710 
27.25 0.00000 0.00000 0.00000 0.00e+00 0.09 1.56 -1.48 0.00e+00 9.88e+37 3.88e+04 -nan 3.88e+04 38756.31 54.75 0.00000 0.00000 0.00000 0.00000 0.07212 0.07212 0.00000 0.00000 0.00000 1.47710 
27.75 0.00000 0.00000 0.00000 0.00e+00 0.09 1.56 -1.48 0.00e+00 9.88e+37 3.27e+04 -nan 3.27e+04 32742.57 55.75 0.00000 0.00000 0.00000 0.00000 0.07212 0.07212 0.00000 0.00000 0.00000 1.47710 
28.25 0.00000 0.00000 0.00000 0.00e+00 0.09 1.56 -1.48 0.00e+00 9.88e+37 2.76e+04 -nan 2.76e+04 27629.42 56.75 0.00000 0.00000 0.00000 0.00000 0.07212 0.07212 0.00000 0.00000 0.00000 1.47710 
28.75 0.00000 0.00000 0.00000 0.00e+00 0.09 1.56 -1.48 0.00e+00 9.88e+37 2.33e+04 -nan 2.33e+04 23288.21 57.75 0.00000 0.00000 0.00000 0.00000 0.07212 0.07212 0.00000 0.00000 0.00000 1.47710 
29.25 0.00000 0.00000 0.00000 0.00e+00 0.09 1.56 -1.48 0.00e+00 9.88e+37 1.96e+04 -nan 1.96e+04 19607.50 58.75 0.00000 0.00000 0.00000 0.00000 0.07212 0.07212 0.00000 0.00000 0.00000 1.47710 
29.75 0.00000 0.00000 0.00000 0.00e+00 0.09 1.56 -1.48 0.00e+00 9.88e+37 1.65e+04 -nan 1.65e+04 16490.92 59.75 0.00000 0.00000 0.00000 0.00000 0.07212 0.07212 0.00000 0.00000 0.00000 1.47710 
30.25 0.00000 0.00000 0.00000 0.00e+00 0.09 1.56 -1.48 0.00e+00 9.88e+37 1.39e+04 -nan 1.39e+04 13855.40 60.75 0.00000 0.00000 0.00000 0.00000 0.07212 0.07212 0.00000 0.00000 0.00000 1.47710 
30.75 0.00000 0.00000 0.00000 0.00e+00 0.09 1.56 -1.48 0.00e+00 9.88e+37 1.16e+04 -nan 1.16e+04 11629.43 61.75 0.00000 0.00000 0.00000 0.00000 0.07212 0.07212 0.00000 0.00000 0.00000 1.47710 
31.25 0.00000 0.00000 0.00000 0.00e+00 0.09 1.56 -1.48 0.00e+00 9.88e+37 9.75e+03 -nan 9.75e+03 9751.61 62.75 0.00000 0.00000 0.00000 0.00000 0.07212 0.07212 0.00000 0.00000 0.00000 1.47710 
31.75 0.00000 0.00000 0.00000 0.00e+00 0.09 1.56 -1.48 0.00e+00 9.88e+37 8.17e+03 -nan 8.17e+03 8169.30 63.75 0.00000 0.00000 0.00000 0.00000 0.07212 0.07212 0.00000 0.00000 0.00000 1.47710 
32.25 0.00000 0.00000 0.00000 0.00e+00 0.09 1.56 -1.48 0.00e+00 9.88e+37 6.84e+03 -nan 6.84e+03 6837.49 64.75 0.00000 0.00000 0.00000 0.00000 0.07212 0.07212 0.00000 0.00000 0.00000 1.47710 
32.75 0.00000 0.00000 0.00000 0.00e+00 0.09 1.56 -1.48 0.00e+00 9.88e+37 5.72e+03 -nan 5.72e+03 5717.73 65.75 0.00000 0.00000 0.00000 0.00000 0.07212 0.07212 0.00000 0.00000 0.00000 1.47710 
33.25 0.00000 0.00000 0.00000 0.00e+00 0.09 1.56 -1.48 0.00e+00 9.88e+37 4.78e+03 -nan 4.78e+03 4777.24 66.75 0.00000 0.00000 0.00000 0.00000 0.07212 0.07212 0.00000 0.00000 0.00000 1.47710 
33.75 0.00000 0.00000 0.00000 0.00e+00 0.09 1.56 -1.48 0.00e+00 9.88e+37 3.99e+03 -nan 3.99e+03 3988.10 67.75 0.00000 0.00000 0.00000 0.00000 0.07212 0.07212 0.00000 0.00000 0.00000 1.47710 
34.25 0.00000 0.00000 0.00000 0.00e+00 0.09 1.56 -1.48 0.00e+00 9.88e+37 3.33e+03 -nan 3.33e+03 3326.60 68.75 0.00000 0.00000 0.00000 0.00000 0.07212 0.07212 0.00000 0.00000 0.00000 1.47710 
34.75 0.00000 0.00000 0.00000 0.00e+00 0.09 1.56 -1.48 0.00e+00 9.88e+37 2.77e+03 -nan 2.77e+03 2772.64 69.75 0.00000 0.00000 0.00000 0.00000 0.07212 0.07212 0.00000 0.00000 0.00000 1.47710 
35.25 0.00000 0.00000 0.00000 0.00e+00 0.09 1.56 -1.48 0.00e+00 9.88e+37 2.31e+03 -nan 2.31e+03 2309.14 70.75 0.00000 0.00000 0.00000 0.00000 0.07212 0.07212 0.00000 0.00000 0.00000 1.47710 
35.75 0.00000 0.00000 0.00000 0.00e+00 0.09 1.56 -1.48 0.00e+00 9.88e+37 1.92e+03 -nan 1.92e+03 1921.68 71.75 0.00000 0.00000 0.00000 0.00000 0.07212 0.07212 0.00000 0.00000 0.00000 1.47710 
36.25 0.00000 0.00000 0.00000 0.00e+00 0.09 1.56 -1.48 0.00e+00 9.88e+37 1.60e+03 -nan 1.60e+03 1598.08 72.75 0.00000 0.00000 0.00000 0.00000 0.07212 0.07212 0.00000 0.00000 0.00000 1.47710 
36.75 0.00000 0.00000 0.00000 0.00e+00 0.09 1.56 -1.48 0.00e+00 9.88e+37 1.33e+03 -nan 1.33e+03 1328.02 73.75 0.00000 0.00000 0.00000 0.00000 0.07212 0.07212 0.00000 0.00000 0.00000 1.47710 
37.25 0.00000 0.00000 0.00000 0.00e+00 0.09 1.56 -1.48 0.00e+00 9.88e+37 1.10e+03 -nan 1.10e+03 1102.83 74.75 0.00000 0.00000 0.00000 0.00000 0.07212 0.07212 0.00000 0.00000 0.00000 1.47710 
37.75 0.00000 0.00000 0.00000 0.00e+00 0.09 1.56 -1.48 0.00e+00 9.88e+37 9.15e+02 -nan 9.15e+02 915.21 75.75 0.00000 0.00000 0.00000 0.00000 0.07212 0.07212 0.00000 0.00000 0.00000 1.47710 
38.25 0.00000 0.00000 0.00000 0.00e+00 0.09 1.56 -1.48 0.00e+00 9.88e+37 7.59e+02 -nan 7.59e+02 759.01 76.75 0.00000 0.00000 0.00000 0.00000 0.07212 0.07212 0.00000 0.00000 0.00000 1.47710 
38.75 0.00000 0.00000 0.00000 0.00e+00 0.09 1.56 -1.48 0.00e+00 9.88e+37 6.29e+02 -nan 6.29e+02 629.07 77.75 0.00000 0.00000 0.00000 0.00000 0.07212 0.07212 0.00000 0.00000 0.00000 1.47710 
39.25 0.00000 0.00000 0.00000 0.00e+00 0.09 1.56 -1.48 0.00e+00 9.88e+37 5.21e+02 -nan 5.21e+02 521.04 78.75 0.00000 0.00000 0.00000 0.00000 0.07212 0.07212 0.00000 0.00000 0.00000 1.47710 
39.75 0.00000 0.00000 0.00000 0.00e+00 0.09 1.56 -1.48 0.00e+00 9.88e+37 4.31e+02 -nan 4.31e+02 431.31 79.75 0.00000 0.00000 0.00000 0.00000 0.07212 0.07212 0.00000 0.00000 0.00000 1.47710 
40.25 0.00000 0.00000 0.00000 0.00e+00 0.09 1.56 -1.48 0.00e+00 9.88e+37 3.57e+02 -nan 3.57e+02 356.81 80.75 0.00000 0.00000 0.00000 0.00000 0.07212 0.07212 0.00000 0.00000 0.00000 1.47710 
40.75 0.00000 0.00000 0.00000 0.00e+00 0.09 1.56 -1.48 0.00e+00 9.88e+37 2.95e+02 -nan 2.95e+02 295.01 81.75 0.00000 0.00000 0.00000 0.00000 0.07212 0.07212 0.00000 0.00000 0.00000 1.47710 
41.25 0.00000 0.00000 0.00000 0.00e+00 0.09 1.56 -1.48 0.00e+00 9.88e+37 2.44e+02 -nan 2.44e+02 243.78 82.75 0.00000 0.00000 0.00000 0.00000 0.07212 0.07212 0.00000 0.00000 0.00000 1.47710 
41.75 0.00000 0.00000 0.00000 0.00e+00 0.09 1.56 -1.48 0.00e+00 9.88e+37 2.01e+02 -nan 2.01e+02 201.33 83.75 0.00000 0.00000 0.00000 0.00000 0.07212 0.07212 0.00000 0.00000 0.00000 1.47710 
42.25 0.00000 0.00000 0.00000 0.00e+00 0.09 1.56 -1.48 0.00e+00 9.88e+37 1.66e+02 -nan 1.66e+02 166.18 84.75 0.00000 0.00000 0.00000 0.00000 0.07212 0.07212 0.00000 0.00000 0.00000 1.47710 
42.75 0.00000 0.00000 0.00000 0.00e+00 0.09 1.56 -1.48 0.00e+00 9.88e+37 1.37e+02 -nan 1.37e+02 137.10 85.75 0.00000 0.00000 0.00000 0.00000 0.07212 0.07212 0.00000 0.00000 0.00000 1.47710 
43.25 0.00000 0.00000 0.00000 0.00e+00 0.09 1.56 -1.48 0.00e+00 9.88e+37 1.13e+02 -nan 1.13e+02 113.04 86.75 0.00000 0.00000 0.00000 0.00000 0.07212 0.07212 0.00000 0.00000 0.00000 1.47710 
43.75 0.00000 0.00000 0.00000 0.00e+00 0.09 1.56 -1.48 0.00e+00 9.88e+37 9.32e+01 -nan 9.32e+01 93.16 87.75 0.00000 0.00000 0.00000 0.00000 0.07212 0.07212 0.00000 0.00000 0.00000 1.47710 
44.25 0.00000 0.00000 0.00000 0.00e+00 0.09 1.56 -1.48 0.00e+00 9.88e+37 7.67e+01 -nan 7.67e+01 76.74 88.75 0.00000 0.00000 0.00000 0.00000 0.07212 0.07212 0.00000 0.00000 0.00000 1.47710 
44.75 0.00000 0.00000 0.00000 0.00e+00 0.09 1.56 -1.48 0.00e+00 9.88e+37 6.32e+01 -nan 6.32e+01 63.18 89.75 0.00000 0.00000 0.00000 0.00000 0.07212 0.07212 0.00000 0.00000 0.00000 1.47710 
45.25 0.00000 0.00000 0.00000 0.00e+00 0.09 1.56 -1.48 0.00e+00 9.88e+37 5.20e+01 -nan 5.20e+01 52.00 90.75 0.00000 0.00000 0.00000 0.00000 0.07212 0.07212 0.00000 0.00000 0.00000 1.47710 
45.75 0.00000 0.00000 0.00000 0.00e+00 0.09 1.56 -1.48 0.00e+00 9.88e+37 4.28e+01 -nan 4.28e+01 42.77 91.75 0.00000 0.00000 0.00000 0.00000 0.07212 0.07212 0.00000 0.00000 0.00000 1.47710 
46.25 0.00000 0.00000 0.00000 0.00e+00 0.09 1.56 -1.48 0.00e+00 9.88e+37 3.52e+01 -nan 3.52e+01 35.17 92.75 0.00000 0.00000 0.00000 0.00000 0.07212 0.07212 0.00000 0.00000 0.00000 1.47710 
46.75 0.00000 0.00000 0.00000 0.00e+00 0.09 1.56 -1.48 0.00e+00 9.88e+37 2.89e+01 -nan 2.89e+01 28.90 93.75 0.00000 0.00000 0.00000 0.00000 0.07212 0.07212 0.00000 0.00000 0.00000 1.47710 
47.25 0.00000 0.00000 0.00000 0.00e+00 0.09 1.56 -1.48 0.00e+00 9.88e+37 2.37e+01 -nan 2.37e+01 23.74 94.75 0.00000 0.00000 0.00000 0.00000 0.07212 0.07212 0.00000 0.00000 0.00000 1.47710 
47.75 0.00000 0.00000 0.00000 0.00e+00 0.09 1.56 -1.48 0.00e+00 9.88e+37 1.95e+01 -nan 1.95e+01 19.49 95.75 0.00000 0.00000 0.00000 0.00000 0.07212 0.07212 0.00000 0.00000 0.00000 1.47710 
48.25 0.00000 0.00000 0.00000 0.00e+00 0.09 1.56 -1.48 0.00e+00 9.88e+37 1.60e+01 -nan 1.60e+01 16.00 96.75 0.00000 0.00000 0.00000 0.00000 0.07212 0.07212 0.00000 0.00000 0.00000 1.47710 
48.75 0.00000 0.00000 0.00000 0.00e+00 0.09 1.56 -1.48 0.00e+00 9.88e+37 1.31e+01 -nan 1.31e+01 13.13 97.75 0.00000 0.00000 0.00000 0.00000 0.07212 0.07212 0.00000 0.00000 0.00000 1.47710 
49.25 0.00000 0.00000 0.00000 0.00e+00 0.09 1.56 -1.48 0.00e+00 9.88e+37 1.08e+01 -nan 1.08e+01 10.76 98.75 0.00000 0.00000 0.00000 0.00000 0.07212 0.07212 0.00000 0.00000 0.00000 1.47710 
49.75 0.00000 0.00000 0.00000 0.00e+00 0.09 1.56 -1.48 0.00e+00 9.88e+37 8.82e+00 -nan 8.82e+00 8.82 99.75 0.00000 0.00000 0.00000 0.00000 0.07212 0.07212 0.00000 0.00000 0.00000 1.47710 
50.25 0.00000 0.00000 0.00000 0.00e+00 0.09 1.56 -1.48 0.00e+00 9.88e+37 7.23e+00 -nan 7.23e+00 7.23 0.00 0.00000 0.00000 0.00000 0.00000 0.07212 0.07212 0.00000 0.00000 0.00000 1.47710 
50.75 0.00000 0.00000 0.00000 0.00e+00 0.09 1.56 -1.48 0.00e+00 9.88e+37 5.92e+00 -nan 5.92e+00 5.92 0.00 0.00000 0.00000 0.00000 0.00000 0.07212 0.07212 0.00000 0.00000 0.00000 1.47710 
51.25 0.00000 0.00000 0.00000 0.00e+00 0.09 1.56 -1.48 0.00e+00 9.88e+37 4.85e+00 -nan 4.85e+00 4.85 0.00 0.00000 0.00000 0.00000 0.00000 0.07212 0.07212 0.00000 0.00000 0.00000 1.47710 
51.75 0.00000 0.00000 0.00000 0.00e+00 0.09 1.56 -1.48 0.00e+00 9.88e+37 3.97e+00 -nan 3.97e+00 3.97 0.00 0.00000 0.00000 0.00000 0.00000 0.07212 0.07212 0.00000 0.00000 0.00000 1.47710 
52.25 0.00000 0.00000 0.00000 0.00e+00 0.09 1.56 -1.48 0.00e+00 9.88e+37 3.25e+00 -nan 3.25e+00 3.25 0.00 0.00000 0.00000 0.00000 0.00000 0.07212 0.07212 0.00000 0.00000 0.00000 1.47710 
52.75 0.00000 0.00000 0.00000 0.00e+00 0.09 1.56 -1.48 0.00e+00 9.88e+37 2.66e+00 -nan 2.66e+00 2.66 0.00 0.00000 0.00000 0.00000 0.00000 0.07212 0.07212 0.00000 0.00000 0.00000 1.47710 
53.25 0.00000 0.00000 0.00000 0.00e+00 0.09 1.56 -1.48 0.00e+00 9.88e+37 2.17e+00 -nan 2.17e+00 2.17 0.00 0.00000 0.00000 0.00000 0.00000 0.07212 0.07212 0.00000 0.00000 0.00000 1.47710 
53.75 0.00000 0.00000 0.00000 0.00e+00 0.09 1.56 -1.48 0.00e+00 9.88e+37 1.78e+00 -nan 1.78e+00 1.78 0.00 0.00000 0.00000 0.00000 0.00000 0.07212 0.07212 0.00000 0.00000 0.00000 1.47710 
54.25 0.00000 0.00000 0.00000 0.00e+00 0.09 1.56 -1.48 0.00e+00 9.88e+37 1.45e+00 -nan 1.45e+00 1.45 0.00 0.00000 0.00000 0.00000 0.00000 0.07212 0.07212 0.00000 0.00000 0.00000 1.47710 
54.75 0.00000 0.00000 0.00000 0.00e+00 0.09 1.56 -1.48 0.00e+00 9.88e+37 1.19e+00 -nan 1.19e+00 1.19 0.00 0.00000 0.00000 0.00000 0.00000 0.07212 0.07212 0.00000 0.00000 0.00000 1.47710 
55.25 0.00000 0.00000 0.00000 0.00e+00 0.09 1.56 -1.48 0.00e+00 9.88e+37 9.68e-01 -nan 9.68e-01 0.97 0.00 0.00000 0.00000 0.00000 0.00000 0.07212 0.07212 0.00000 0.00000 0.00000 1.47710 
55.75 0.00000 0.00000 0.00000 0.00e+00 0.09 1.56 -1.48 0.00e+00 9.88e+37 7.90e-01 -nan 7.90e-01 0.79 0.00 0.00000 0.00000 0.00000 0.00000 0.07212 0.07212 0.00000 0.00000 0.00000 1.47710 
56.25 0.00000 0.00000 0.00000 0.00e+00 0.09 1.56 -1.48 0.00e+00 9.88e+37 6.45e-01 -nan 6.45e-01 0.64 0.00 0.00000 0.00000 0.00000 0.00000 0.07212 0.07212 0.00000 0.00000 0.00000 1.47710 
56.75 0.00000 0.00000 0.00000 0.00e+00 0.09 1.56 -1.48 0.00e+00 9.88e+37 5.26e-01 -nan 5.26e-01 0.53 0.00 0.00000 0.00000 0.00000 0.00000 0.07212 0.07212 0.00000 0.00000 0.00000 1.47710 
57.25 0.00000 0.00000 0.00000 0.00e+00 0.09 1.56 -1.48 0.00e+00 9.88e+37 4.29e-01 -nan 4.29e-01 0.43 0.00 0.00000 0.00000 0.00000 0.00000 0.07212 0.07212 0.00000 0.00000 0.00000 1.47710 
57.75 0.00000 0.00000 0.00000 0.00e+00 0.09 1.56 -1.48 0.00e+00 9.88e+37 3.50e-01 -nan 3.50e-01 0.35 0.00 0.00000 0.00000 0.00000 0.00000 0.07212 0.07212 0.00000 0.00000 0.00000 1.47710 
58.25 0.00000 0.00000 0.00000 0.00e+00 0.09 1.56 -1.48 0.00e+00 9.88e+37 2.85e-01 -nan 2.85e-01 0.29 0.00 0.00000 0.00000 0.00000 0.00000 0.07212 0.07212 0.00000 0.00000 0.00000 1.47710 
58.75 0.00000 0.00000 0.00000 0.00e+00 0.09 1.56 -1.48 0.00e+00 9.88e+37 2.32e-01 -nan 2.32e-01 0.23 0.00 0.00000 0.00000 0.00000 0.00000 0.07212 0.07212 0.00000 0.00000 0.00000 1.47710 
59.25 0.00000 0.00000 0.00000 0.00e+00 0.09 1.56 -1.48 0.00e+00 9.88e+37 1.89e-01 -nan 1.89e-01 0.19 0.00 0.00000 0.00000 0.00000 0.00000 0.07212 0.07212 0.00000 0.00000 0.00000 1.47710 
59.75 0.00000 0.00000 0.00000 0.00e+00 0.09 1.56 -1.48 0.00e+00 9.88e+37 1.54e-01 -nan 1.54e-01 0.15 0.00 0.00000 0.00000 0.00000 0.00000 0.07212 0.07212 0.00000 0.00000 0.00000 1.47710 
60.25 0.00000 0.00000 0.00000 0.00e+00 0.09 1.56 -1.48 0.00e+00 9.88e+37 1.26e-01 -nan 1.26e-01 0.13 0.00 0.00000 0.00000 0.00000 0.00000 0.07212 0.07212 0.00000 0.00000 0.00000 1.47710 
60.75 0.00000 0.00000 0.00000 0.00e+00 0.09 1.56 -1.48 0.00e+00 9.88e+37 1.02e-01 -nan 1.02e-01 0.10 0.00 0.00000 0.00000 0.00000 0.00000 0.07212 0.07212 0.00000 0.00000 0.00000 1.47710 
61.25 0.00000 0.00000 0.00000 0.00e+00 0.09 1.56 -1.48 0.00e+00 9.88e+37 8.31e-02 -nan 8.31e-02 0.08 0.00 0.00000 0.00000 0.00000 0.00000 0.07212 0.07212 0.00000 0.00000 0.00000 1.47710 
61.75 0.00000 0.00000 0.00000 0.00e+00 0.09 1.56 -1.48 0.00e+00 9.88e+37 6.76e-02 -nan 6.76e-02 0.07 0.00 0.00000 0.00000 0.00000 0.00000 0.07212 0.07212 0.00000 0.00000 0.00000 1.47710 
62.25 0.00000 0.00000 0.00000 0.00e+00 0.09 1.56 -1.48 0.00e+00 9.88e+37 5.50e-02 -nan 5.50e-02 0.06 0.00 0.00000 0.00000 0.00000 0.00000 0.07212 0.07212 0.00000 0.00000 0.00000 1.47710 
62.75 0.00000 0.00000 0.00000 0.00e+00 0.09 1.56 -1.48 0.00e+00 9.88e+37 4.47e-02 -nan 4.47e-02 0.04 0.00 0.00000 0.00000 0.00000 0.00000 0.07212 0.07212 0.00000 0.00000 0.00000 1.47710 
63.25 0.00000 0.00000 0.00000 0.00e+00 0.09 1.56 -1.48 0.00e+00 9.88e+37 3.64e-02 -nan 3.64e-02 0.04 0.00 0.00000 0.00000 0.00000 0.00000 0.07212 0.07212 0.00000 0.00000 0.00000 1.47710 
63.75 0.00000 0.00000 0.00000 0.00e+00 0.09 1.56 -1.48 0.00e+00 9.88e+37 2.96e-02 -nan 2.96e-02 0.03 0.00 0.00000 0.00000 0.00000 0.00000 0.07212 0.07212 0.00000 0.00000 0.00000 1.47710 
64.25 0.00000 0.00000 0.00000 0.00e+00 0.09 1.56 -1.48 0.00e+00 9.88e+37 2.40e-02 -nan 2.40e-02 0.02 0.00 0.00000 0.00000 0.00000 0.00000 0.07212 0.07212 0.00000 0.00000 0.00000 1.47710 
64.75 0.00000 0.00000 0.00000 0.00e+00 0.09 1.56 -1.48 0.00e+00 9.88e+37 1.95e-02 -nan 1.95e-02 0.02 0.00 0.00000 0.00000 0.00000 0.00000 0.07212 0.07212 0.00000 0.00000 0.00000 1.47710 
65.25 0.00000 0.00000 0.00000 0.00e+00 0.09 1.56 -1.48 0.00e+00 9.88e+37 1.58e-02 -nan 1.58e-02 0.02 0.00 0.00000 0.00000 0.00000 0.00000 0.07212 0.07212 0.00000 0.00000 0.00000 1.47710 
65.75 0.00000 0.00000 0.00000 0.00e+00 0.09 1.56 -1.48 0.00e+00 9.88e+37 1.29e-02 -nan 1.29e-02 0.01 0.00 0.00000 0.00000 0.00000 0.00000 0.07212 0.07212 0.00000 0.00000 0.00000 1.47710 
66.25 0.00000 0.00000 0.00000 0.00e+00 0.09 1.56 -1.48 0.00e+00 9.88e+37 1.04e-02 -nan 1.04e-02 0.01 0.00 0.00000 0.00000 0.00000 0.00000 0.07212 0.07212 0.00000 0.00000 0.00000 1.47710 
66.75 0.00000 0.00000 0.00000 0.00e+00 0.09 1.56 -1.48 0.00e+00 9.88e+37 8.48e-03 -nan 8.48e-03 0.01 0.00 0.00000 0.00000 0.00000 0.00000 0.07212 0.07212 0.00000 0.00000 0.00000 1.47710 
67.25 0.00000 0.00000 0.00000 0.00e+00 0.09 1.56 -1.48 0.00e+00 9.88e+37 6.88e-03 -nan 6.88e-03 0.01 0.00 0.00000 0.00000 0.00000 0.00000 0.07212 0.07212 0.00000 0.00000 0.00000 1.47710 
67.75 0.00000 0.00000 0.00000 0.00e+00 0.09 1.56 -1.48 0.00e+00 9.88e+37 5.58e-03 -nan 5.58e-03 0.01 0.00 0.00000 0.00000 0.00000 0.00000 0.07212 0.07212 0.00000 0.00000 0.00000 1.47710 
68.25 0.00000 0.00000 0.00000 0.00e+00 0.09 1.56 -1.48 0.00e+00 9.88e+37 4.53e-03 -nan 4.53e-03 0.00 0.00 0.00000 0.00000 0.00000 0.00000 0.07212 0.07212 0.00000 0.00000 0.00000 1.47710 
68.75 0.00000 0.00000 0.00000 0.00e+00 0.09 1.56 -1.48 0.00e+00 9.88e+37 3.67e-03 -nan 3.67e-03 0.00 0.00 0.00000 0.00000 0.00000 0.00000 0.07212 0.07212 0.00000 0.00000 0.00000 1.47710 
69.25 0.00000 0.00000 0.00000 0.00e+00 0.09 1.56 -1.48 0.00e+00 9.88e+37 2.98e-03 -nan 2.98e-03 0.00 0.00 0.00000 0.00000 0.00000 0.00000 0.07212 0.07212 0.00000 0.00000 0.00000 1.47710 
69.75 0.00000 0.00000 0.00000 0.00e+00 0.09 1.56 -1.48 0.00e+00 9.88e+37 2.41e-03 -nan 2.41e-03 0.00 0.00 0.00000 0.00000 0.00000 0.00000 0.07212 0.07212 0.00000 0.00000 0.00000 1.47710 
70.25 0.00000 0.00000 0.00000 0.00e+00 0.09 1.56 -1.48 0.00e+00 9.88e+37 1.96e-03 -nan 1.96e-03 0.00 0.00 0.00000 0.00000 0.00000 0.00000 0.07212 0.07212 0.00000 0.00000 0.00000 1.47710 
70.75 0.00000 0.00000 0.00000 0.00e+00 0.09 1.56 -1.48 0.00e+00 9.88e+37 1.58e-03 -nan 1.58e-03 0.00 0.00 0.00000 0.00000 0.00000 0.00000 0.07212 0.07212 0.00000 0.00000 0.00000 1.47710 
71.25 0.00000 0.00000 0.00000 0.00e+00 0.09 1.56 -1.48 0.00e+00 9.88e+37 1.28e-03 -nan 1.28e-03 0.00 0.00 0.00000 0.00000 0.00000 0.00000 0.07212 0.07212 0.00000 0.00000 0.00000 1.47710 
71.75 0.00000 0.00000 0.00000 0.00e+00 0.09 1.56 -1.48 0.00e+00 9.88e+37 1.04e-03 -nan 1.04e-03 0.00 0.00 0.00000 0.00000 0.00000 0.00000 0.07212 0.07212 0.00000 0.00000 0.00000 1.47710 
72.25 0.00000 0.00000 0.00000 0.00e+00 0.09 1.56 -1.48 0.00e+00 9.88e+37 8.42e-04 -nan 8.42e-04 0.00 0.00 0.00000 0.00000 0.00000 0.00000 0.07212 0.07212 0.00000 0.00000 0.00000 1.47710 
72.75 0.00000 0.00000 0.00000 0.00e+00 0.09 1.56 -1.48 0.00e+00 9.88e+37 6.82e-04 -nan 6.82e-04 0.00 0.00 0.00000 0.00000 0.00000 0.00000 0.07212 0.07212 0.00000 0.00000 0.00000 1.47710 
73.25 0.00000 0.00000 0.00000 0.00e+00 0.09 1.56 -1.48 0.00e+00 9.88e+37 5.52e-04 -nan 5.52e-04 0.00 0.00 0.00000 0.00000 0.00000 0.00000 0.07212 0.07212 0.00000 0.00000 0.00000 1.47710 
73.75 0.00000 0.00000 0.00000 0.00e+00 0.09 1.56 -1.48 0.00e+00 9.88e+37 4.47e-04 -nan 4.47e-04 0.00 0.00 0.00000 0.00000 0.00000 0.00000 0.07212 0.07212 0.00000 0.00000 0.00000 1.47710 
74.25 0.00000 0.00000 0.00000 0.00e+00 0.09 1.56 -1.48 0.00e+00 9.88e+37 3.61e-04 -nan 3.61e-04 0.00 0.00 0.00000 0.00000 0.00000 0.00000 0.07212 0.07212 0.00000 0.00000 0.00000 1.47710 
74.75 0.00000 0.00000 0.00000 0.00e+00 0.09 1.56 -1.48 0.00e+00 9.88e+37 2.92e-04 -nan 2.92e-04 0.00 0.00 0.00000 0.00000 0.00000 0.00000 0.07212 0.07212 0.00000 0.00000 0.00000 1.47710 
75.25 0.00000 0.00000 0.00000 0.00e+00 0.09 1.56 -1.48 0.00e+00 9.88e+37 2.36e-04 -nan 2.36e-04 0.00 0.00 0.00000 0.00000 0.00000 0.00000 0.07212 0.07212 0.00000 0.00000 0.00000 1.47710 
75.75 0.00000 0.00000 0.00000 0.00e+00 0.09 1.56 -1.48 0.00e+00 9.88e+37 1.91e-04 -nan 1.91e-04 0.00 0.00 0.00000 0.00000 0.00000 0.00000 0.07212 0.07212 0.00000 0.00000 0.00000 1.47710 
76.25 0.00000 0.00000 0.00000 0.00e+00 0.09 1.56 -1.48 0.00e+00 9.88e+37 1.55e-04 -nan 1.55e-04 0.00 0.00 0.00000 0.00000 0.00000 0.00000 0.07212 0.07212 0.00000 0.00000 0.00000 1.47710 
76.75 0.00000 0.00000 0.00000 0.00e+00 0.09 1.56 -1.48 0.00e+00 9.88e+37 1.25e-04 -nan 1.25e-04 0.00 0.00 0.00000 0.00000 0.00000 0.00000 0.07212 0.07212 0.00000 0.00000 0.00000 1.47710 
77.25 0.00000 0.00000 0.00000 0.00e+00 0.09 1.56 -1.48 0.00e+00 9.88e+37 1.01e-04 -nan 1.01e-04 0.00 0.00 0.00000 0.00000 0.00000 0.00000 0.07212 0.07212 0.00000 0.00000 0.00000 1.47710 
77.75 0.00000 0.00000 0.00000 0.00e+00 0.09 1.56 -1.48 0.00e+00 9.88e+37 8.17e-05 -nan 8.17e-05 0.00 0.00 0.00000 0.00000 0.00000 0.00000 0.07212 0.07212 0.00000 0.00000 0.00000 1.47710 
78.25 0.00000 0.00000 0.00000 0.00e+00 0.09 1.56 -1.48 0.00e+00 9.88e+37 6.60e-05 -nan 6.60e-05 0.00 0.00 0.00000 0.00000 0.00000 0.00000 0.07212 0.07212 0.00000 0.00000 0.00000 1.47710 
78.75 0.00000 0.00000 0.00000 0.00e+00 0.09 1.56 -1.48 0.00e+00 9.88e+37 5.33e-05 -nan 5.33e-05 0.00 0.00 0.00000 0.00000 0.00000 0.00000 0.07212 0.07212 0.00000 0.00000 0.00000 1.47710 
79.25 0.00000 0.00000 0.00000 0.00e+00 0.09 1.56 -1.48 0.00e+00 9.88e+37 4.31e-05 -nan 4.31e-05 0.00 0.00 0.00000 0.00000 0.00000 0.00000 0.07212 0.07212 0.00000 0.00000 0.00000 1.47710 
79.75 0.00000 0.00000 0.00000 0.00e+00 0.09 1.56 -1.48 0.00e+00 9.88e+37 3.48e-05 -nan 3.48e-05 0.00 0.00 0.00000 0.00000 0.00000 0.00000 0.07212 0.07212 0.00000 0.00000 0.00000 1.47710 
80.25 0.00000 0.00000 0.00000 0.00e+00 0.09 1.56 -1.48 0.00e+00 9.88e+37 2.81e-05 -nan 2.81e-05 0.00 0.00 0.00000 0.00000 0.00000 0.00000 0.07212 0.07212 0.00000 0.00000 0.00000 1.47710 
80.75 0.00000 0.00000 0.00000 0.00e+00 0.09 1.56 -1.48 0.00e+00 9.88e+37 2.27e-05 -nan 2.27e-05 0.00 0.00 0.00000 0.00000 0.00000 0.00000 0.07212 0.07212 0.00000 0.00000 0.00000 1.47710 
81.25 0.00000 0.00000 0.00000 0.00e+00 0.09 1.56 -1.48 0.00e+00 9.88e+37 1.83e-05 -nan 1.83e-05 0.00 0.00 0.00000 0.00000 0.00000 0.00000 0.07212 0.07212 0.00000 0.00000 0.00000 1.47710 
81.75 0.00000 0.00000 0.00000 0.00e+00 0.09 1.56 -1.48 0.00e+00 9.88e+37 1.48e-05 -nan 1.48e-05 0.00 0.00 0.00000 0.00000 0.00000 0.00000 0.07212 0.07212 0.00000 0.00000 0.00000 1.47710 
82.25 0.00000 0.00000 0.00000 0.00e+00 0.09 1.56 -1.48 0.00e+00 9.88e+37 1.19e-05 -nan 1.19e-05 0.00 0.00 0.00000 0.00000 0.00000 0.00000 0.07212 0.07212 0.00000 0.00000 0.00000 1.47710 
82.75 0.00000 0.00000 0.00000 0.00e+00 0.09 1.56 -1.48 0.00e+00 9.88e+37 9.63e-06 -nan 9.63e-06 0.00 0.00 0.00000 0.00000 0.00000 0.00000 0.07212 0.07212 0.00000 0.00000 0.00000 1.47710 
83.25 0.00000 0.00000 0.00000 0.00e+00 0.09 1.56 -1.48 0.00e+00 9.88e+37 7.77e-06 -nan 7.77e-06 0.00 0.00 0.00000 0.00000 0.00000 0.00000 0.07212 0.07212 0.00000 0.00000 0.00000 1.47710 
83.75 0.00000 0.00000 0.00000 0.00e+00 0.09 1.56 -1.48 0.00e+00 9.88e+37 6.27e-06 -nan 6.27e-06 0.00 0.00 0.00000 0.00000 0.00000 0.00000 0.07212 0.07212 0.00000 0.00000 0.00000 1.47710 
84.25 0.00000 0.00000 0.00000 0.00e+00 0.09 1.56 -1.48 0.00e+00 9.88e+37 5.06e-06 -nan 5.06e-06 0.00 0.00 0.00000 0.00000 0.00000 0.00000 0.07212 0.07212 0.00000 0.00000 0.00000 1.47710 
84.75 0.00000 0.00000 0.00000 0.00e+00 0.09 1.56 -1.48 0.00e+00 9.88e+37 4.08e-06 -nan 4.08e-06 0.00 0.00 0.00000 0.00000 0.00000 0.00000 0.07212 0.07212 0.00000 0.00000 0.00000 1.47710 
85.25 0.00000 0.00000 0.00000 0.00e+00 0.09 1.56 -1.48 0.00e+00 9.88e+37 3.29e-06 -nan 3.29e-06 0.00 0.00 0.00000 0.00000 0.00000 0.00000 0.07212 0.07212 0.00000 0.00000 0.00000 1.47710 
85.75 0.00000 0.00000 0.00000 0.00e+00 0.09 1.56 -1.48 0.00e+00 9.88e+37 2.65e-06 -nan 2.65e-06 0.00 0.00 0.00000 0.00000 0.00000 0.00000 0.07212 0.07212 0.00000 0.00000 0.00000 1.47710 
86.25 0.00000 0.00000 0.00000 0.00e+00 0.09 1.56 -1.48 0.00e+00 9.88e+37 2.14e-06 -nan 2.14e-06 0.00 0.00 0.00000 0.00000 0.00000 0.00000 0.07212 0.07212 0.00000 0.00000 0.00000 1.47710 
86.75 0.00000 0.00000 0.00000 0.00e+00 0.09 1.56 -1.48 0.00e+00 9.88e+37 1.72e-06 -nan 1.72e-06 0.00 0.00 0.00000 0.00000 0.00000 0.00000 0.07212 0.07212 0.00000 0.00000 0.00000 1.47710 
87.25 0.00000 0.00000 0.00000 0.00e+00 0.09 1.56 -1.48 0.00e+00 9.88e+37 1.39e-06 -nan 1.39e-06 0.00 0.00 0.00000 0.00000 0.00000 0.00000 0.07212 0.07212 0.00000 0.00000 0.00000 1.47710 
87.75 0.00000 0.00000 0.00000 0.00e+00 0.09 1.56 -1.48 0.00e+00 9.88e+37 1.12e-06 -nan 1.12e-06 0.00 0.00 0.00000 0.00000 0.00000 0.00000 0.07212 0.07212 0.00000 0.00000 0.00000 1.47710 
88.25 0.00000 0.00000 0.00000 0.00e+00 0.09 1.56 -1.48 0.00e+00 9.88e+37 9.02e-07 -nan 9.02e-07 0.00 0.00 0.00000 0.00000 0.00000 0.00000 0.07212 0.07212 0.00000 0.00000 0.00000 1.47710 
88.75 0.00000 0.00000 0.00000 0.00e+00 0.09 1.56 -1.48 0.00e+00 9.88e+37 7.27e-07 -nan 7.27e-07 0.00 0.00 0.00000 0.00000 0.00000 0.00000 0.07212 0.07212 0.00000 0.00000 0.00000 1.47710 
89.25 0.00000 0.00000 0.00000 0.00e+00 0.09 1.56 -1.48 0.00e+00 9.88e+37 5.86e-07 -nan 5.86e-07 0.00 0.00 0.00000 0.00000 0.00000 0.00000 0.07212 0.07212 0.00000 0.00000 0.00000 1.47710 
89.75 0.00000 0.00000 0.00000 0.00e+00 0.09 1.56 -1.48 0.00e+00 9.88e+37 4.72e-07 -nan 4.72e-07 0.00 0.00 0.00000 0.00000 0.00000 0.00000 0.07212 0.07212 0.00000 0.00000 0.00000 1.47710 
90.25 0.00000 0.00000 0.00000 0.00e+00 0.09 1.56 -1.48 0.00e+00 9.88e+37 3.80e-07 -nan 3.80e-07 0.00 0.00 0.00000 0.00000 0.00000 0.00000 0.07212 0.07212 0.00000 0.00000 0.00000 1.47710 
90.75 0.00000 0.00000 0.00000 0.00e+00 0.09 1.56 -1.48 0.00e+00 9.88e+37 3.06e-07 -nan 3.06e-07 0.00 0.00 0.00000 0.00000 0.00000 0.00000 0.07212 0.07212 0.00000 0.00000 0.00000 1.47710 
91.25 0.00000 0.00000 0.00000 0.00e+00 0.09 1.56 -1.48 0.00e+00 9.88e+37 2.46e-07 -nan 2.46e-07 0.00 0.00 0.00000 0.00000 0.00000 0.00000 0.07212 0.07212 0.00000 0.00000 0.00000 1.47710 
91.75 0.00000 0.00000 0.00000 0.00e+00 0.09 1.56 -1.48 0.00e+00 9.88e+37 1.98e-07 -nan 1.98e-07 0.00 0.00 0.00000 0.00000 0.00000 0.00000 0.07212 0.07212 0.00000 0.00000 0.00000 1.47710 
92.25 0.00000 0.00000 0.00000 0.00e+00 0.09 1.56 -1.48 0.00e+00 9.88e+37 1.60e-07 -nan 1.60e-07 0.00 0.00 0.00000 0.00000 0.00000 0.00000 0.07212 0.07212 0.00000 0.00000 0.00000 1.47710 
92.75 0.00000 0.00000 0.00000 0.00e+00 0.09 1.56 -1.48 0.00e+00 9.88e+37 1.29e-07 -nan 1.29e-07 0.00 0.00 0.00000 0.00000 0.00000 0.00000 0.07212 0.07212 0.00000 0.00000 0.00000 1.47710 
93.25 0.00000 0.00000 0.00000 0.00e+00 0.09 1.56 -1.48 0.00e+00 9.88e+37 1.03e-07 -nan 1.03e-07 0.00 0.00 0.00000 0.00000 0.00000 0.00000 0.07212 0.07212 0.00000 0.00000 0.00000 1.47710 
93.75 0.00000 0.00000 0.00000 0.00e+00 0.09 1.56 -1.48 0.00e+00 9.88e+37 8.32e-08 -nan 8.32e-08 0.00 0.00 0.00000 0.00000 0.00000 0.00000 0.07212 0.07212 0.00000 0.00000 0.00000 1.47710 
94.25 0.00000 0.00000 0.00000 0.00e+00 0.09 1.56 -1.48 0.00e+00 9.88e+37 6.70e-08 -nan 6.70e-08 0.00 0.00 0.00000 0.00000 0.00000 0.00000 0.07212 0.07212 0.00000 0.00000 0.00000 1.47710 
94.75 0.00000 0.00000 0.00000 0.00e+00 0.09 1.56 -1.48 0.00e+00 9.88e+37 5.39e-08 -nan 5.39e-08 0.00 0.00 0.00000 0.00000 0.00000 0.00000 0.07212 0.07212 0.00000 0.00000 0.00000 1.47710 
95.25 0.00000 0.00000 0.00000 0.00e+00 0.09 1.56 -1.48 0.00e+00 9.88e+37 4.33e-08 -nan 4.33e-08 0.00 0.00 0.00000 0.00000 0.00000 0.00000 0.07212 0.07212 0.00000 0.00000 0.00000 1.47710 
95.75 0.00000 0.00000 0.00000 0.00e+00 0.09 1.56 -1.48 0.00e+00 9.88e+37 3.49e-08 -nan 3.49e-08 0.00 0.00 0.00000 0.00000 0.00000 0.00000 0.07212 0.07212 0.00000 0.00000 0.00000 1.47710 
96.25 0.00000 0.00000 0.00000 0.00e+00 0.09 1.56 -1.48 0.00e+00 9.88e+37 2.80e-08 -nan 2.80e-08 0.00 0.00 0.00000 0.00000 0.00000 0.00000 0.07212 0.07212 0.00000 0.00000 0.00000 1.47710 
96.75 0.00000 0.00000 0.00000 0.00e+00 0.09 1.56 -1.48 0.00e+00 9.88e+37 2.26e-08 -nan 2.26e-08 0.00 0.00 0.00000 0.00000 0.00000 0.00000 0.07212 0.07212 0.00000 0.00000 0.00000 1.47710 
97.25 0.00000 0.00000 0.00000 0.00e+00 0.09 1.56 -1.48 0.00e+00 9.88e+37 1.81e-08 -nan 1.81e-08 0.00 0.00 0.00000 0.00000 0.00000 0.00000 0.07212 0.07212 0.00000 0.00000 0.00000 1.47710 
97.75 0.00000 0.00000 0.00000 0.00e+00 0.09 1.56 -1.48 0.00e+00 9.88e+37 1.46e-08 -nan 1.46e-08 0.00 0.00 0.00000 0.00000 0.00000 0.00000 0.07212 0.07212 0.00000 0.00000 0.00000 1.47710 
98.25 0.00000 0.00000 0.00000 0.00e+00 0.09 1.56 -1.48 0.00e+00 9.88e+37 1.17e-08 -nan 1.17e-08 0.00 0.00 0.00000 0.00000 0.00000 0.00000 0.07212 0.07212 0.00000 0.00000 0.00000 1.47710 
98.75 0.00000 0.00000 0.00000 0.00e+00 0.09 1.56 -1.48 0.00e+00 9.88e+37 9.42e-09 -nan 9.42e-09 0.00 0.00 0.00000 0.00000 0.00000 0.00000 0.07212 0.07212 0.00000 0.00000 0.00000 1.47710 
99.25 0.00000 0.00000 0.00000 0.00e+00 0.09 1.56 -1.48 0.00e+00 9.88e+37 7.57e-09 -nan 7.57e-09 0.00 0.00 0.00000 0.00000 0.00000 0.00000 0.07212 0.07212 0.00000 0.00000 0.00000 1.47710 
99.75 0.00000 0.00000 0.00000 0.00e+00 0.09 1.56 -1.48 0.00e+00 9.88e+37 6.09e-09 -nan 6.09e-09 0.00 0.00 0.00000 0.00000 0.00000 0.00000 0.07212 0.07212 0.00000 0.00000 0.00000 1.47710 
