0.25 0.00000 0.00000 0.00000 0.00e+00 0.00 0.00 0.00 0.00e+00 0.00e+00 3.00e+05 -nan 3.00e+05 299910.75 0.75 0.00000 0.00000 0.00000 0.00000 0.00000 0.00000 0.00000 0.00000 0.00145 0.00000 
0.75 0.24245 0.00331 0.23915 -4.64e+07 0.00 0.00 0.00 6.89e+45 0.00e+00 5.71e+05 -nan 2.39e+09 23915274240.00 1.75 0.00078 0.00542 0.02426 0.00005 0.00000 0.00000 0.00000 0.00290 0.01944 0.00000 
1.25 0.29633 0.01497 0.28136 -4.70e+08 0.00 0.01 -0.00 8.43e+45 7.07e+35 9.31e+05 -nan 2.81e+09 28137363456.00 2.75 0.00195 0.04898 0.13544 0.00020 0.00008 0.00008 0.00000 0.01440 0.00854 0.00476 
1.75 0.25992 0.02499 0.23493 -1.13e+09 0.00 0.05 -0.05 7.39e+45 2.46e+36 1.36e+06 -nan 2.35e+09 23494645760.00 3.75 0.00228 0.11569 0.09220 0.00025 0.00097 0.00073 0.00023 0.02448 0.00966 0.05197 
2.25 0.10214 0.00834 0.09381 -4.94e+08 0.01 0.17 -0.17 2.90e+45 4.52e+36 1.83e+06 -nan 9.40e+08 9382779904.00 4.75 0.00179 0.05123 0.05927 0.00015 0.00178 0.00189 -0.00011 0.00801 0.02153 0.16528 
2.75 0.05463 0.00932 0.04531 -6.88e+08 0.01 0.22 -0.21 1.55e+45 6.13e+36 2.32e+06 -nan 4.55e+08 4533272576.00 5.75 0.00139 0.07015 0.01984 0.00012 0.00282 0.00282 0.00000 0.00907 0.01270 0.21451 
3.25 0.06949 0.00984 0.05965 -9.22e+08 0.01 0.29 -0.28 1.98e+45 7.38e+36 2.80e+06 -nan 5.99e+08 5967988736.00 6.75 0.00200 0.09421 0.04105 0.00004 0.00332 0.00376 -0.00044 0.00963 0.01279 0.28272 
3.75 0.14585 0.00986 0.13599 -1.04e+09 0.01 0.39 -0.38 4.15e+45 9.18e+36 3.24e+06 -nan 1.36e+09 13602380800.00 7.75 0.00313 0.10719 0.08874 0.00014 0.00450 0.00414 0.00036 0.00970 0.00434 0.37494 
4.25 0.07240 0.03027 0.04213 -3.76e+09 0.01 0.49 -0.48 2.06e+45 1.20e+37 3.64e+06 -nan 4.25e+08 4216564480.00 8.75 0.00233 0.37830 0.04549 0.00022 0.00641 0.00564 0.00077 0.02992 0.00354 0.48040 
4.75 0.05262 0.01344 0.03918 -1.88e+09 0.02 0.87 -0.86 1.50e+45 1.41e+37 3.97e+06 -nan 3.96e+08 3921564672.00 9.75 0.00351 0.19130 0.03501 0.00021 0.00787 0.00837 -0.00050 0.01314 0.00146 0.85433 
5.25 0.02245 0.01391 0.00854 -2.14e+09 0.02 1.06 -1.04 6.38e+44 1.73e+37 4.22e+06 -nan 8.96e+07 857972736.00 10.75 0.00252 0.21645 0.01460 0.00029 0.01021 0.01128 -0.00107 0.01359 0.00000 1.04137 
5.75 0.01515 0.01230 0.00286 -2.12e+09 0.02 1.28 -1.26 4.31e+44 1.95e+37 4.40e+06 -nan 3.30e+07 289937216.00 11.75 0.00208 0.21386 0.01152 0.00033 0.01185 0.01577 -0.00393 0.01182 0.00008 1.25276 
6.25 0.01859 0.01314 0.00545 -2.46e+09 0.02 1.49 -1.47 5.29e+44 2.14e+37 4.51e+06 -nan 5.90e+07 549355008.00 12.75 0.00379 0.24994 0.01304 0.00039 0.01343 0.02138 -0.00796 0.01234 0.00000 1.45827 
6.75 0.01526 0.01405 0.00121 -2.83e+09 0.03 1.74 -1.72 4.34e+44 2.48e+37 4.55e+06 -nan 1.66e+07 125413192.00 13.75 0.00430 0.28702 0.01069 0.00080 0.01609 0.02859 -0.01251 0.01325 0.00000 1.69289 
7.25 0.00579 0.00489 0.00090 -1.05e+09 0.03 2.03 -2.00 1.65e+44 2.87e+37 4.52e+06 -nan 1.35e+07 94055824.00 14.75 0.00243 0.10751 0.00506 0.00048 0.01910 0.04423 -0.02514 0.00461 0.00000 1.96361 
7.75 0.00337 0.00435 -0.00098 -9.99e+08 0.03 2.14 -2.10 9.57e+43 3.09e+37 4.44e+06 -nan -5.35e+06 -93420048.00 15.75 0.00217 0.10205 0.00296 0.00024 0.02122 0.05434 -0.03311 0.00407 0.00000 2.06489 
8.25 0.00449 0.00447 0.00002 -1.07e+09 0.04 2.24 -2.20 1.28e+44 3.29e+37 4.31e+06 -nan 4.47e+06 5841702.50 16.75 0.00479 0.11221 0.00391 0.00018 0.02313 0.05970 -0.03657 0.00416 0.00000 2.16049 
8.75 0.00193 0.00313 -0.00120 -7.99e+08 0.04 2.35 -2.31 5.49e+43 3.72e+37 4.15e+06 -nan -7.89e+06 -116188480.00 17.75 0.00327 0.08322 0.00172 0.00026 0.02731 0.06409 -0.03679 0.00292 0.00000 2.26490 
9.25 0.00159 0.00191 -0.00032 -5.14e+08 0.04 2.43 -2.39 4.52e+43 4.01e+37 3.95e+06 -nan 7.05e+05 -28486158.00 18.75 0.00274 0.05418 0.00148 0.00015 0.03023 0.07078 -0.04056 0.00178 0.00000 2.34251 
9.75 0.00352 0.00121 0.00230 -2.95e+08 0.05 2.49 -2.44 1.00e+44 4.26e+37 3.73e+06 -nan 2.67e+07 233860256.00 19.75 0.00635 0.03588 0.00316 0.00013 0.03278 0.07486 -0.04208 0.00114 0.00000 2.39291 
10.25 0.00309 0.00000 0.00309 6.51e+07 0.05 2.52 -2.47 8.80e+43 4.83e+37 3.50e+06 -nan 3.44e+07 312839296.00 20.75 0.00651 0.00000 0.00281 0.00003 0.03850 0.07853 -0.04003 0.00000 0.00000 2.42674 
10.75 0.00373 0.00000 0.00373 9.50e+07 0.06 2.52 -2.46 1.06e+44 5.42e+37 3.25e+06 -nan 4.06e+07 376751008.00 21.75 0.00950 0.00000 0.00355 0.00001 0.04441 0.07942 -0.03501 0.00000 0.00000 2.42674 
11.25 0.00166 0.00018 0.00147 -1.33e+07 0.07 2.52 -2.46 4.71e+43 6.27e+37 3.01e+06 -nan 1.77e+07 150286240.00 22.75 0.00513 0.00646 0.00149 0.00000 0.05344 0.07984 -0.02640 0.00017 0.00000 2.42674 
11.75 0.00120 0.00000 0.00120 4.35e+07 0.07 2.53 -2.46 3.42e+43 6.74e+37 2.77e+06 -nan 1.48e+07 122900024.00 23.75 0.00435 0.00000 0.00113 0.00000 0.05804 0.07984 -0.02180 0.00000 0.00000 2.43274 
12.25 0.00103 0.00000 0.00103 4.13e+07 0.08 2.53 -2.45 2.93e+43 7.13e+37 2.53e+06 -nan 1.28e+07 105532816.00 24.75 0.00413 0.00000 0.00097 0.00000 0.06213 0.07984 -0.01771 0.00000 0.00000 2.43274 
12.75 0.00086 0.00000 0.00086 3.21e+07 0.08 2.53 -2.45 2.44e+43 7.50e+37 2.30e+06 -nan 1.09e+07 87935928.00 25.75 0.00321 0.00000 0.00081 0.00001 0.06602 0.07984 -0.01382 0.00000 0.00000 2.43274 
13.25 0.00099 0.00000 0.00099 3.59e+07 0.09 2.53 -2.44 2.82e+43 7.79e+37 2.08e+06 -nan 1.20e+07 101415176.00 26.75 0.00359 0.00000 0.00093 0.00000 0.06905 0.08019 -0.01114 0.00000 0.00000 2.43274 
13.75 0.00037 0.00000 0.00037 1.12e+07 0.09 2.53 -2.44 1.06e+43 8.11e+37 1.87e+06 -nan 5.62e+06 39323816.00 27.75 0.00112 0.00000 0.00034 0.00000 0.07241 0.08019 -0.00778 0.00000 0.00000 2.43274 
14.25 0.00125 0.00000 0.00125 4.12e+07 0.09 2.53 -2.44 3.55e+43 8.21e+37 1.68e+06 -nan 1.42e+07 126624136.00 28.75 0.00412 0.00000 0.00118 0.00000 0.07342 0.08019 -0.00677 0.00000 0.00000 2.43274 
14.75 0.00087 0.00000 0.00087 3.26e+07 0.10 2.53 -2.44 2.48e+43 8.58e+37 1.50e+06 -nan 1.02e+07 88837280.00 29.75 0.00326 0.00000 0.00078 0.00000 0.07730 0.08019 -0.00289 0.00000 0.00000 2.43274 
15.25 0.00000 0.00000 0.00000 0.00e+00 0.10 2.53 -2.43 0.00e+00 8.88e+37 1.34e+06 -nan 1.34e+06 1335992.12 30.75 0.00000 0.00000 0.00000 0.00000 0.08019 0.08019 0.00000 0.00000 0.00000 2.43274 
15.75 0.00000 0.00000 0.00000 0.00e+00 0.10 2.53 -2.43 0.00e+00 8.88e+37 1.18e+06 -nan 1.18e+06 1184932.88 31.75 0.00000 0.00000 0.00000 0.00000 0.08019 0.08019 0.00000 0.00000 0.00000 2.43274 
16.25 0.00000 0.00000 0.00000 0.00e+00 0.10 2.53 -2.43 0.00e+00 8.88e+37 1.05e+06 -nan 1.05e+06 1047457.19 32.75 0.00000 0.00000 0.00000 0.00000 0.08019 0.08019 0.00000 0.00000 0.00000 2.43274 
16.75 0.00000 0.00000 0.00000 0.00e+00 0.10 2.53 -2.43 0.00e+00 8.88e+37 9.23e+05 -nan 9.23e+05 923019.38 33.75 0.00000 0.00000 0.00000 0.00000 0.08019 0.08019 0.00000 0.00000 0.00000 2.43274 
17.25 0.00000 0.00000 0.00000 0.00e+00 0.10 2.53 -2.43 0.00e+00 8.88e+37 8.11e+05 -nan 8.11e+05 810941.31 34.75 0.00000 0.00000 0.00000 0.00000 0.08019 0.08019 0.00000 0.00000 0.00000 2.43274 
17.75 0.00000 0.00000 0.00000 0.00e+00 0.10 2.53 -2.43 0.00e+00 8.88e+37 7.10e+05 -nan 7.10e+05 710459.44 35.75 0.00000 0.00000 0.00000 0.00000 0.08019 0.08019 0.00000 0.00000 0.00000 2.43274 
18.25 0.00000 0.00000 0.00000 0.00e+00 0.10 2.53 -2.43 0.00e+00 8.88e+37 6.21e+05 -nan 6.21e+05 620758.12 36.75 0.00000 0.00000 0.00000 0.00000 0.08019 0.08019 0.00000 0.00000 0.00000 2.43274 
18.75 0.00000 0.00000 0.00000 0.00e+00 0.10 2.53 -2.43 0.00e+00 8.88e+37 5.41e+05 -nan 5.41e+05 540998.62 37.75 0.00000 0.00000 0.00000 0.00000 0.08019 0.08019 0.00000 0.00000 0.00000 2.43274 
19.25 0.00000 0.00000 0.00000 0.00e+00 0.10 2.53 -2.43 0.00e+00 8.88e+37 4.70e+05 -nan 4.70e+05 470341.94 38.75 0.00000 0.00000 0.00000 0.00000 0.08019 0.08019 0.00000 0.00000 0.00000 2.43274 
19.75 0.00000 0.00000 0.00000 0.00e+00 0.10 2.53 -2.43 0.00e+00 8.88e+37 4.08e+05 -nan 4.08e+05 407966.59 39.75 0.00000 0.00000 0.00000 0.00000 0.08019 0.08019 0.00000 0.00000 0.00000 2.43274 
20.25 0.00000 0.00000 0.00000 0.00e+00 0.10 2.53 -2.43 0.00e+00 8.88e+37 3.53e+05 -nan 3.53e+05 353081.44 40.75 0.00000 0.00000 0.00000 0.00000 0.08019 0.08019 0.00000 0.00000 0.00000 2.43274 
20.75 0.00000 0.00000 0.00000 0.00e+00 0.10 2.53 -2.43 0.00e+00 8.88e+37 3.05e+05 -nan 3.05e+05 304935.25 41.75 0.00000 0.00000 0.00000 0.00000 0.08019 0.08019 0.00000 0.00000 0.00000 2.43274 
21.25 0.00000 0.00000 0.00000 0.00e+00 0.10 2.53 -2.43 0.00e+00 8.88e+37 2.63e+05 -nan 2.63e+05 262822.75 42.75 0.00000 0.00000 0.00000 0.00000 0.08019 0.08019 0.00000 0.00000 0.00000 2.43274 
21.75 0.00000 0.00000 0.00000 0.00e+00 0.10 2.53 -2.43 0.00e+00 8.88e+37 2.26e+05 -nan 2.26e+05 226088.50 43.75 0.00000 0.00000 0.00000 0.00000 0.08019 0.08019 0.00000 0.00000 0.00000 2.43274 
22.25 0.00000 0.00000 0.00000 0.00e+00 0.10 2.53 -2.43 0.00e+00 8.88e+37 1.94e+05 -nan 1.94e+05 194128.52 44.75 0.00000 0.00000 0.00000 0.00000 0.08019 0.08019 0.00000 0.00000 0.00000 2.43274 
22.75 0.00000 0.00000 0.00000 0.00e+00 0.10 2.53 -2.43 0.00e+00 8.88e+37 1.66e+05 -nan 1.66e+05 166390.58 45.75 0.00000 0.00000 0.00000 0.00000 0.08019 0.08019 0.00000 0.00000 0.00000 2.43274 
23.25 0.00000 0.00000 0.00000 0.00e+00 0.10 2.53 -2.43 0.00e+00 8.88e+37 1.42e+05 -nan 1.42e+05 142373.00 46.75 0.00000 0.00000 0.00000 0.00000 0.08019 0.08019 0.00000 0.00000 0.00000 2.43274 
23.75 0.00000 0.00000 0.00000 0.00e+00 0.10 2.53 -2.43 0.00e+00 8.88e+37 1.22e+05 -nan 1.22e+05 121622.95 47.75 0.00000 0.00000 0.00000 0.00000 0.08019 0.08019 0.00000 0.00000 0.00000 2.43274 
24.25 0.00000 0.00000 0.00000 0.00e+00 0.10 2.53 -2.43 0.00e+00 8.88e+37 1.04e+05 -nan 1.04e+05 103733.61 48.75 0.00000 0.00000 0.00000 0.00000 0.08019 0.08019 0.00000 0.00000 0.00000 2.43274 
24.75 0.00000 0.00000 0.00000 0.00e+00 0.10 2.53 -2.43 0.00e+00 8.88e+37 8.83e+04 -nan 8.83e+04 88341.68 49.75 0.00000 0.00000 0.00000 0.00000 0.08019 0.08019 0.00000 0.00000 0.00000 2.43274 
25.25 0.00000 0.00000 0.00000 0.00e+00 0.10 2.53 -2.43 0.00e+00 8.88e+37 7.51e+04 -nan 7.51e+04 75123.98 50.75 0.00000 0.00000 0.00000 0.00000 0.08019 0.08019 0.00000 0.00000 0.00000 2.43274 
25.75 0.00000 0.00000 0.00000 0.00e+00 0.10 2.53 -2.43 0.00e+00 8.88e+37 6.38e+04 -nan 6.38e+04 63794.22 51.75 0.00000 0.00000 0.00000 0.00000 0.08019 0.08019 0.00000 0.00000 0.00000 2.43274 
26.25 0.00000 0.00000 0.00000 0.00e+00 0.10 2.53 -2.43 0.00e+00 8.88e+37 5.41e+04 -nan 5.41e+04 54099.83 52.75 0.00000 0.00000 0.00000 0.00000 0.08019 0.08019 0.00000 0.00000 0.00000 2.43274 
26.75 0.00000 0.00000 0.00000 0.00e+00 0.10 2.53 -2.43 0.00e+00 8.88e+37 4.58e+04 -nan 4.58e+04 45818.73 53.75 0.00000 0.00000 0.00000 0.00000 0.08019 0.08019 0.00000 0.00000 0.00000 2.43274 
27.25 0.00000 0.00000 0.00000 0.00e+00 0.10 2.53 -2.43 0.00e+00 8.88e+37 3.88e+04 -nan 3.88e+04 38756.31 54.75 0.00000 0.00000 0.00000 0.00000 0.08019 0.08019 0.00000 0.00000 0.00000 2.43274 
27.75 0.00000 0.00000 0.00000 0.00e+00 0.10 2.53 -2.43 0.00e+00 8.88e+37 3.27e+04 -nan 3.27e+04 32742.57 55.75 0.00000 0.00000 0.00000 0.00000 0.08019 0.08019 0.00000 0.00000 0.00000 2.43274 
28.25 0.00000 0.00000 0.00000 0.00e+00 0.10 2.53 -2.43 0.00e+00 8.88e+37 2.76e+04 -nan 2.76e+04 27629.42 56.75 0.00000 0.00000 0.00000 0.00000 0.08019 0.08019 0.00000 0.00000 0.00000 2.43274 
28.75 0.00000 0.00000 0.00000 0.00e+00 0.10 2.53 -2.43 0.00e+00 8.88e+37 2.33e+04 -nan 2.33e+04 23288.21 57.75 0.00000 0.00000 0.00000 0.00000 0.08019 0.08019 0.00000 0.00000 0.00000 2.43274 
29.25 0.00000 0.00000 0.00000 0.00e+00 0.10 2.53 -2.43 0.00e+00 8.88e+37 1.96e+04 -nan 1.96e+04 19607.50 58.75 0.00000 0.00000 0.00000 0.00000 0.08019 0.08019 0.00000 0.00000 0.00000 2.43274 
29.75 0.00000 0.00000 0.00000 0.00e+00 0.10 2.53 -2.43 0.00e+00 8.88e+37 1.65e+04 -nan 1.65e+04 16490.92 59.75 0.00000 0.00000 0.00000 0.00000 0.08019 0.08019 0.00000 0.00000 0.00000 2.43274 
30.25 0.00000 0.00000 0.00000 0.00e+00 0.10 2.53 -2.43 0.00e+00 8.88e+37 1.39e+04 -nan 1.39e+04 13855.40 60.75 0.00000 0.00000 0.00000 0.00000 0.08019 0.08019 0.00000 0.00000 0.00000 2.43274 
30.75 0.00000 0.00000 0.00000 0.00e+00 0.10 2.53 -2.43 0.00e+00 8.88e+37 1.16e+04 -nan 1.16e+04 11629.43 61.75 0.00000 0.00000 0.00000 0.00000 0.08019 0.08019 0.00000 0.00000 0.00000 2.43274 
31.25 0.00000 0.00000 0.00000 0.00e+00 0.10 2.53 -2.43 0.00e+00 8.88e+37 9.75e+03 -nan 9.75e+03 9751.61 62.75 0.00000 0.00000 0.00000 0.00000 0.08019 0.08019 0.00000 0.00000 0.00000 2.43274 
31.75 0.00000 0.00000 0.00000 0.00e+00 0.10 2.53 -2.43 0.00e+00 8.88e+37 8.17e+03 -nan 8.17e+03 8169.30 63.75 0.00000 0.00000 0.00000 0.00000 0.08019 0.08019 0.00000 0.00000 0.00000 2.43274 
32.25 0.00000 0.00000 0.00000 0.00e+00 0.10 2.53 -2.43 0.00e+00 8.88e+37 6.84e+03 -nan 6.84e+03 6837.49 64.75 0.00000 0.00000 0.00000 0.00000 0.08019 0.08019 0.00000 0.00000 0.00000 2.43274 
32.75 0.00000 0.00000 0.00000 0.00e+00 0.10 2.53 -2.43 0.00e+00 8.88e+37 5.72e+03 -nan 5.72e+03 5717.73 65.75 0.00000 0.00000 0.00000 0.00000 0.08019 0.08019 0.00000 0.00000 0.00000 2.43274 
33.25 0.00000 0.00000 0.00000 0.00e+00 0.10 2.53 -2.43 0.00e+00 8.88e+37 4.78e+03 -nan 4.78e+03 4777.24 66.75 0.00000 0.00000 0.00000 0.00000 0.08019 0.08019 0.00000 0.00000 0.00000 2.43274 
33.75 0.00000 0.00000 0.00000 0.00e+00 0.10 2.53 -2.43 0.00e+00 8.88e+37 3.99e+03 -nan 3.99e+03 3988.10 67.75 0.00000 0.00000 0.00000 0.00000 0.08019 0.08019 0.00000 0.00000 0.00000 2.43274 
34.25 0.00000 0.00000 0.00000 0.00e+00 0.10 2.53 -2.43 0.00e+00 8.88e+37 3.33e+03 -nan 3.33e+03 3326.60 68.75 0.00000 0.00000 0.00000 0.00000 0.08019 0.08019 0.00000 0.00000 0.00000 2.43274 
34.75 0.00000 0.00000 0.00000 0.00e+00 0.10 2.53 -2.43 0.00e+00 8.88e+37 2.77e+03 -nan 2.77e+03 2772.64 69.75 0.00000 0.00000 0.00000 0.00000 0.08019 0.08019 0.00000 0.00000 0.00000 2.43274 
35.25 0.00000 0.00000 0.00000 0.00e+00 0.10 2.53 -2.43 0.00e+00 8.88e+37 2.31e+03 -nan 2.31e+03 2309.14 70.75 0.00000 0.00000 0.00000 0.00000 0.08019 0.08019 0.00000 0.00000 0.00000 2.43274 
35.75 0.00000 0.00000 0.00000 0.00e+00 0.10 2.53 -2.43 0.00e+00 8.88e+37 1.92e+03 -nan 1.92e+03 1921.68 71.75 0.00000 0.00000 0.00000 0.00000 0.08019 0.08019 0.00000 0.00000 0.00000 2.43274 
36.25 0.00000 0.00000 0.00000 0.00e+00 0.10 2.53 -2.43 0.00e+00 8.88e+37 1.60e+03 -nan 1.60e+03 1598.08 72.75 0.00000 0.00000 0.00000 0.00000 0.08019 0.08019 0.00000 0.00000 0.00000 2.43274 
36.75 0.00000 0.00000 0.00000 0.00e+00 0.10 2.53 -2.43 0.00e+00 8.88e+37 1.33e+03 -nan 1.33e+03 1328.02 73.75 0.00000 0.00000 0.00000 0.00000 0.08019 0.08019 0.00000 0.00000 0.00000 2.43274 
37.25 0.00000 0.00000 0.00000 0.00e+00 0.10 2.53 -2.43 0.00e+00 8.88e+37 1.10e+03 -nan 1.10e+03 1102.83 74.75 0.00000 0.00000 0.00000 0.00000 0.08019 0.08019 0.00000 0.00000 0.00000 2.43274 
37.75 0.00000 0.00000 0.00000 0.00e+00 0.10 2.53 -2.43 0.00e+00 8.88e+37 9.15e+02 -nan 9.15e+02 915.21 75.75 0.00000 0.00000 0.00000 0.00000 0.08019 0.08019 0.00000 0.00000 0.00000 2.43274 
38.25 0.00000 0.00000 0.00000 0.00e+00 0.10 2.53 -2.43 0.00e+00 8.88e+37 7.59e+02 -nan 7.59e+02 759.01 76.75 0.00000 0.00000 0.00000 0.00000 0.08019 0.08019 0.00000 0.00000 0.00000 2.43274 
38.75 0.00000 0.00000 0.00000 0.00e+00 0.10 2.53 -2.43 0.00e+00 8.88e+37 6.29e+02 -nan 6.29e+02 629.07 77.75 0.00000 0.00000 0.00000 0.00000 0.08019 0.08019 0.00000 0.00000 0.00000 2.43274 
39.25 0.00000 0.00000 0.00000 0.00e+00 0.10 2.53 -2.43 0.00e+00 8.88e+37 5.21e+02 -nan 5.21e+02 521.04 78.75 0.00000 0.00000 0.00000 0.00000 0.08019 0.08019 0.00000 0.00000 0.00000 2.43274 
39.75 0.00000 0.00000 0.00000 0.00e+00 0.10 2.53 -2.43 0.00e+00 8.88e+37 4.31e+02 -nan 4.31e+02 431.31 79.75 0.00000 0.00000 0.00000 0.00000 0.08019 0.08019 0.00000 0.00000 0.00000 2.43274 
40.25 0.00000 0.00000 0.00000 0.00e+00 0.10 2.53 -2.43 0.00e+00 8.88e+37 3.57e+02 -nan 3.57e+02 356.81 80.75 0.00000 0.00000 0.00000 0.00000 0.08019 0.08019 0.00000 0.00000 0.00000 2.43274 
40.75 0.00000 0.00000 0.00000 0.00e+00 0.10 2.53 -2.43 0.00e+00 8.88e+37 2.95e+02 -nan 2.95e+02 295.01 81.75 0.00000 0.00000 0.00000 0.00000 0.08019 0.08019 0.00000 0.00000 0.00000 2.43274 
41.25 0.00000 0.00000 0.00000 0.00e+00 0.10 2.53 -2.43 0.00e+00 8.88e+37 2.44e+02 -nan 2.44e+02 243.78 82.75 0.00000 0.00000 0.00000 0.00000 0.08019 0.08019 0.00000 0.00000 0.00000 2.43274 
41.75 0.00000 0.00000 0.00000 0.00e+00 0.10 2.53 -2.43 0.00e+00 8.88e+37 2.01e+02 -nan 2.01e+02 201.33 83.75 0.00000 0.00000 0.00000 0.00000 0.08019 0.08019 0.00000 0.00000 0.00000 2.43274 
42.25 0.00000 0.00000 0.00000 0.00e+00 0.10 2.53 -2.43 0.00e+00 8.88e+37 1.66e+02 -nan 1.66e+02 166.18 84.75 0.00000 0.00000 0.00000 0.00000 0.08019 0.08019 0.00000 0.00000 0.00000 2.43274 
42.75 0.00000 0.00000 0.00000 0.00e+00 0.10 2.53 -2.43 0.00e+00 8.88e+37 1.37e+02 -nan 1.37e+02 137.10 85.75 0.00000 0.00000 0.00000 0.00000 0.08019 0.08019 0.00000 0.00000 0.00000 2.43274 
43.25 0.00000 0.00000 0.00000 0.00e+00 0.10 2.53 -2.43 0.00e+00 8.88e+37 1.13e+02 -nan 1.13e+02 113.04 86.75 0.00000 0.00000 0.00000 0.00000 0.08019 0.08019 0.00000 0.00000 0.00000 2.43274 
43.75 0.00000 0.00000 0.00000 0.00e+00 0.10 2.53 -2.43 0.00e+00 8.88e+37 9.32e+01 -nan 9.32e+01 93.16 87.75 0.00000 0.00000 0.00000 0.00000 0.08019 0.08019 0.00000 0.00000 0.00000 2.43274 
44.25 0.00000 0.00000 0.00000 0.00e+00 0.10 2.53 -2.43 0.00e+00 8.88e+37 7.67e+01 -nan 7.67e+01 76.74 88.75 0.00000 0.00000 0.00000 0.00000 0.08019 0.08019 0.00000 0.00000 0.00000 2.43274 
44.75 0.00000 0.00000 0.00000 0.00e+00 0.10 2.53 -2.43 0.00e+00 8.88e+37 6.32e+01 -nan 6.32e+01 63.18 89.75 0.00000 0.00000 0.00000 0.00000 0.08019 0.08019 0.00000 0.00000 0.00000 2.43274 
45.25 0.00000 0.00000 0.00000 0.00e+00 0.10 2.53 -2.43 0.00e+00 8.88e+37 5.20e+01 -nan 5.20e+01 52.00 90.75 0.00000 0.00000 0.00000 0.00000 0.08019 0.08019 0.00000 0.00000 0.00000 2.43274 
45.75 0.00000 0.00000 0.00000 0.00e+00 0.10 2.53 -2.43 0.00e+00 8.88e+37 4.28e+01 -nan 4.28e+01 42.77 91.75 0.00000 0.00000 0.00000 0.00000 0.08019 0.08019 0.00000 0.00000 0.00000 2.43274 
46.25 0.00000 0.00000 0.00000 0.00e+00 0.10 2.53 -2.43 0.00e+00 8.88e+37 3.52e+01 -nan 3.52e+01 35.17 92.75 0.00000 0.00000 0.00000 0.00000 0.08019 0.08019 0.00000 0.00000 0.00000 2.43274 
46.75 0.00000 0.00000 0.00000 0.00e+00 0.10 2.53 -2.43 0.00e+00 8.88e+37 2.89e+01 -nan 2.89e+01 28.90 93.75 0.00000 0.00000 0.00000 0.00000 0.08019 0.08019 0.00000 0.00000 0.00000 2.43274 
47.25 0.00000 0.00000 0.00000 0.00e+00 0.10 2.53 -2.43 0.00e+00 8.88e+37 2.37e+01 -nan 2.37e+01 23.74 94.75 0.00000 0.00000 0.00000 0.00000 0.08019 0.08019 0.00000 0.00000 0.00000 2.43274 
47.75 0.00000 0.00000 0.00000 0.00e+00 0.10 2.53 -2.43 0.00e+00 8.88e+37 1.95e+01 -nan 1.95e+01 19.49 95.75 0.00000 0.00000 0.00000 0.00000 0.08019 0.08019 0.00000 0.00000 0.00000 2.43274 
48.25 0.00000 0.00000 0.00000 0.00e+00 0.10 2.53 -2.43 0.00e+00 8.88e+37 1.60e+01 -nan 1.60e+01 16.00 96.75 0.00000 0.00000 0.00000 0.00000 0.08019 0.08019 0.00000 0.00000 0.00000 2.43274 
48.75 0.00000 0.00000 0.00000 0.00e+00 0.10 2.53 -2.43 0.00e+00 8.88e+37 1.31e+01 -nan 1.31e+01 13.13 97.75 0.00000 0.00000 0.00000 0.00000 0.08019 0.08019 0.00000 0.00000 0.00000 2.43274 
49.25 0.00000 0.00000 0.00000 0.00e+00 0.10 2.53 -2.43 0.00e+00 8.88e+37 1.08e+01 -nan 1.08e+01 10.76 98.75 0.00000 0.00000 0.00000 0.00000 0.08019 0.08019 0.00000 0.00000 0.00000 2.43274 
49.75 0.00000 0.00000 0.00000 0.00e+00 0.10 2.53 -2.43 0.00e+00 8.88e+37 8.82e+00 -nan 8.82e+00 8.82 99.75 0.00000 0.00000 0.00000 0.00000 0.08019 0.08019 0.00000 0.00000 0.00000 2.43274 
50.25 0.00000 0.00000 0.00000 0.00e+00 0.10 2.53 -2.43 0.00e+00 8.88e+37 7.23e+00 -nan 7.23e+00 7.23 0.00 0.00000 0.00000 0.00000 0.00000 0.08019 0.08019 0.00000 0.00000 0.00000 2.43274 
50.75 0.00000 0.00000 0.00000 0.00e+00 0.10 2.53 -2.43 0.00e+00 8.88e+37 5.92e+00 -nan 5.92e+00 5.92 0.00 0.00000 0.00000 0.00000 0.00000 0.08019 0.08019 0.00000 0.00000 0.00000 2.43274 
51.25 0.00000 0.00000 0.00000 0.00e+00 0.10 2.53 -2.43 0.00e+00 8.88e+37 4.85e+00 -nan 4.85e+00 4.85 0.00 0.00000 0.00000 0.00000 0.00000 0.08019 0.08019 0.00000 0.00000 0.00000 2.43274 
51.75 0.00000 0.00000 0.00000 0.00e+00 0.10 2.53 -2.43 0.00e+00 8.88e+37 3.97e+00 -nan 3.97e+00 3.97 0.00 0.00000 0.00000 0.00000 0.00000 0.08019 0.08019 0.00000 0.00000 0.00000 2.43274 
52.25 0.00000 0.00000 0.00000 0.00e+00 0.10 2.53 -2.43 0.00e+00 8.88e+37 3.25e+00 -nan 3.25e+00 3.25 0.00 0.00000 0.00000 0.00000 0.00000 0.08019 0.08019 0.00000 0.00000 0.00000 2.43274 
52.75 0.00000 0.00000 0.00000 0.00e+00 0.10 2.53 -2.43 0.00e+00 8.88e+37 2.66e+00 -nan 2.66e+00 2.66 0.00 0.00000 0.00000 0.00000 0.00000 0.08019 0.08019 0.00000 0.00000 0.00000 2.43274 
53.25 0.00000 0.00000 0.00000 0.00e+00 0.10 2.53 -2.43 0.00e+00 8.88e+37 2.17e+00 -nan 2.17e+00 2.17 0.00 0.00000 0.00000 0.00000 0.00000 0.08019 0.08019 0.00000 0.00000 0.00000 2.43274 
53.75 0.00000 0.00000 0.00000 0.00e+00 0.10 2.53 -2.43 0.00e+00 8.88e+37 1.78e+00 -nan 1.78e+00 1.78 0.00 0.00000 0.00000 0.00000 0.00000 0.08019 0.08019 0.00000 0.00000 0.00000 2.43274 
54.25 0.00000 0.00000 0.00000 0.00e+00 0.10 2.53 -2.43 0.00e+00 8.88e+37 1.45e+00 -nan 1.45e+00 1.45 0.00 0.00000 0.00000 0.00000 0.00000 0.08019 0.08019 0.00000 0.00000 0.00000 2.43274 
54.75 0.00000 0.00000 0.00000 0.00e+00 0.10 2.53 -2.43 0.00e+00 8.88e+37 1.19e+00 -nan 1.19e+00 1.19 0.00 0.00000 0.00000 0.00000 0.00000 0.08019 0.08019 0.00000 0.00000 0.00000 2.43274 
55.25 0.00000 0.00000 0.00000 0.00e+00 0.10 2.53 -2.43 0.00e+00 8.88e+37 9.68e-01 -nan 9.68e-01 0.97 0.00 0.00000 0.00000 0.00000 0.00000 0.08019 0.08019 0.00000 0.00000 0.00000 2.43274 
55.75 0.00000 0.00000 0.00000 0.00e+00 0.10 2.53 -2.43 0.00e+00 8.88e+37 7.90e-01 -nan 7.90e-01 0.79 0.00 0.00000 0.00000 0.00000 0.00000 0.08019 0.08019 0.00000 0.00000 0.00000 2.43274 
56.25 0.00000 0.00000 0.00000 0.00e+00 0.10 2.53 -2.43 0.00e+00 8.88e+37 6.45e-01 -nan 6.45e-01 0.64 0.00 0.00000 0.00000 0.00000 0.00000 0.08019 0.08019 0.00000 0.00000 0.00000 2.43274 
56.75 0.00000 0.00000 0.00000 0.00e+00 0.10 2.53 -2.43 0.00e+00 8.88e+37 5.26e-01 -nan 5.26e-01 0.53 0.00 0.00000 0.00000 0.00000 0.00000 0.08019 0.08019 0.00000 0.00000 0.00000 2.43274 
57.25 0.00000 0.00000 0.00000 0.00e+00 0.10 2.53 -2.43 0.00e+00 8.88e+37 4.29e-01 -nan 4.29e-01 0.43 0.00 0.00000 0.00000 0.00000 0.00000 0.08019 0.08019 0.00000 0.00000 0.00000 2.43274 
57.75 0.00000 0.00000 0.00000 0.00e+00 0.10 2.53 -2.43 0.00e+00 8.88e+37 3.50e-01 -nan 3.50e-01 0.35 0.00 0.00000 0.00000 0.00000 0.00000 0.08019 0.08019 0.00000 0.00000 0.00000 2.43274 
58.25 0.00000 0.00000 0.00000 0.00e+00 0.10 2.53 -2.43 0.00e+00 8.88e+37 2.85e-01 -nan 2.85e-01 0.29 0.00 0.00000 0.00000 0.00000 0.00000 0.08019 0.08019 0.00000 0.00000 0.00000 2.43274 
58.75 0.00000 0.00000 0.00000 0.00e+00 0.10 2.53 -2.43 0.00e+00 8.88e+37 2.32e-01 -nan 2.32e-01 0.23 0.00 0.00000 0.00000 0.00000 0.00000 0.08019 0.08019 0.00000 0.00000 0.00000 2.43274 
59.25 0.00000 0.00000 0.00000 0.00e+00 0.10 2.53 -2.43 0.00e+00 8.88e+37 1.89e-01 -nan 1.89e-01 0.19 0.00 0.00000 0.00000 0.00000 0.00000 0.08019 0.08019 0.00000 0.00000 0.00000 2.43274 
59.75 0.00000 0.00000 0.00000 0.00e+00 0.10 2.53 -2.43 0.00e+00 8.88e+37 1.54e-01 -nan 1.54e-01 0.15 0.00 0.00000 0.00000 0.00000 0.00000 0.08019 0.08019 0.00000 0.00000 0.00000 2.43274 
60.25 0.00000 0.00000 0.00000 0.00e+00 0.10 2.53 -2.43 0.00e+00 8.88e+37 1.26e-01 -nan 1.26e-01 0.13 0.00 0.00000 0.00000 0.00000 0.00000 0.08019 0.08019 0.00000 0.00000 0.00000 2.43274 
60.75 0.00000 0.00000 0.00000 0.00e+00 0.10 2.53 -2.43 0.00e+00 8.88e+37 1.02e-01 -nan 1.02e-01 0.10 0.00 0.00000 0.00000 0.00000 0.00000 0.08019 0.08019 0.00000 0.00000 0.00000 2.43274 
61.25 0.00000 0.00000 0.00000 0.00e+00 0.10 2.53 -2.43 0.00e+00 8.88e+37 8.31e-02 -nan 8.31e-02 0.08 0.00 0.00000 0.00000 0.00000 0.00000 0.08019 0.08019 0.00000 0.00000 0.00000 2.43274 
61.75 0.00000 0.00000 0.00000 0.00e+00 0.10 2.53 -2.43 0.00e+00 8.88e+37 6.76e-02 -nan 6.76e-02 0.07 0.00 0.00000 0.00000 0.00000 0.00000 0.08019 0.08019 0.00000 0.00000 0.00000 2.43274 
62.25 0.00000 0.00000 0.00000 0.00e+00 0.10 2.53 -2.43 0.00e+00 8.88e+37 5.50e-02 -nan 5.50e-02 0.06 0.00 0.00000 0.00000 0.00000 0.00000 0.08019 0.08019 0.00000 0.00000 0.00000 2.43274 
62.75 0.00000 0.00000 0.00000 0.00e+00 0.10 2.53 -2.43 0.00e+00 8.88e+37 4.47e-02 -nan 4.47e-02 0.04 0.00 0.00000 0.00000 0.00000 0.00000 0.08019 0.08019 0.00000 0.00000 0.00000 2.43274 
63.25 0.00000 0.00000 0.00000 0.00e+00 0.10 2.53 -2.43 0.00e+00 8.88e+37 3.64e-02 -nan 3.64e-02 0.04 0.00 0.00000 0.00000 0.00000 0.00000 0.08019 0.08019 0.00000 0.00000 0.00000 2.43274 
63.75 0.00000 0.00000 0.00000 0.00e+00 0.10 2.53 -2.43 0.00e+00 8.88e+37 2.96e-02 -nan 2.96e-02 0.03 0.00 0.00000 0.00000 0.00000 0.00000 0.08019 0.08019 0.00000 0.00000 0.00000 2.43274 
64.25 0.00000 0.00000 0.00000 0.00e+00 0.10 2.53 -2.43 0.00e+00 8.88e+37 2.40e-02 -nan 2.40e-02 0.02 0.00 0.00000 0.00000 0.00000 0.00000 0.08019 0.08019 0.00000 0.00000 0.00000 2.43274 
64.75 0.00000 0.00000 0.00000 0.00e+00 0.10 2.53 -2.43 0.00e+00 8.88e+37 1.95e-02 -nan 1.95e-02 0.02 0.00 0.00000 0.00000 0.00000 0.00000 0.08019 0.08019 0.00000 0.00000 0.00000 2.43274 
65.25 0.00000 0.00000 0.00000 0.00e+00 0.10 2.53 -2.43 0.00e+00 8.88e+37 1.58e-02 -nan 1.58e-02 0.02 0.00 0.00000 0.00000 0.00000 0.00000 0.08019 0.08019 0.00000 0.00000 0.00000 2.43274 
65.75 0.00000 0.00000 0.00000 0.00e+00 0.10 2.53 -2.43 0.00e+00 8.88e+37 1.29e-02 -nan 1.29e-02 0.01 0.00 0.00000 0.00000 0.00000 0.00000 0.08019 0.08019 0.00000 0.00000 0.00000 2.43274 
66.25 0.00000 0.00000 0.00000 0.00e+00 0.10 2.53 -2.43 0.00e+00 8.88e+37 1.04e-02 -nan 1.04e-02 0.01 0.00 0.00000 0.00000 0.00000 0.00000 0.08019 0.08019 0.00000 0.00000 0.00000 2.43274 
66.75 0.00000 0.00000 0.00000 0.00e+00 0.10 2.53 -2.43 0.00e+00 8.88e+37 8.48e-03 -nan 8.48e-03 0.01 0.00 0.00000 0.00000 0.00000 0.00000 0.08019 0.08019 0.00000 0.00000 0.00000 2.43274 
67.25 0.00000 0.00000 0.00000 0.00e+00 0.10 2.53 -2.43 0.00e+00 8.88e+37 6.88e-03 -nan 6.88e-03 0.01 0.00 0.00000 0.00000 0.00000 0.00000 0.08019 0.08019 0.00000 0.00000 0.00000 2.43274 
67.75 0.00000 0.00000 0.00000 0.00e+00 0.10 2.53 -2.43 0.00e+00 8.88e+37 5.58e-03 -nan 5.58e-03 0.01 0.00 0.00000 0.00000 0.00000 0.00000 0.08019 0.08019 0.00000 0.00000 0.00000 2.43274 
68.25 0.00000 0.00000 0.00000 0.00e+00 0.10 2.53 -2.43 0.00e+00 8.88e+37 4.53e-03 -nan 4.53e-03 0.00 0.00 0.00000 0.00000 0.00000 0.00000 0.08019 0.08019 0.00000 0.00000 0.00000 2.43274 
68.75 0.00000 0.00000 0.00000 0.00e+00 0.10 2.53 -2.43 0.00e+00 8.88e+37 3.67e-03 -nan 3.67e-03 0.00 0.00 0.00000 0.00000 0.00000 0.00000 0.08019 0.08019 0.00000 0.00000 0.00000 2.43274 
69.25 0.00000 0.00000 0.00000 0.00e+00 0.10 2.53 -2.43 0.00e+00 8.88e+37 2.98e-03 -nan 2.98e-03 0.00 0.00 0.00000 0.00000 0.00000 0.00000 0.08019 0.08019 0.00000 0.00000 0.00000 2.43274 
69.75 0.00000 0.00000 0.00000 0.00e+00 0.10 2.53 -2.43 0.00e+00 8.88e+37 2.41e-03 -nan 2.41e-03 0.00 0.00 0.00000 0.00000 0.00000 0.00000 0.08019 0.08019 0.00000 0.00000 0.00000 2.43274 
70.25 0.00000 0.00000 0.00000 0.00e+00 0.10 2.53 -2.43 0.00e+00 8.88e+37 1.96e-03 -nan 1.96e-03 0.00 0.00 0.00000 0.00000 0.00000 0.00000 0.08019 0.08019 0.00000 0.00000 0.00000 2.43274 
70.75 0.00000 0.00000 0.00000 0.00e+00 0.10 2.53 -2.43 0.00e+00 8.88e+37 1.58e-03 -nan 1.58e-03 0.00 0.00 0.00000 0.00000 0.00000 0.00000 0.08019 0.08019 0.00000 0.00000 0.00000 2.43274 
71.25 0.00000 0.00000 0.00000 0.00e+00 0.10 2.53 -2.43 0.00e+00 8.88e+37 1.28e-03 -nan 1.28e-03 0.00 0.00 0.00000 0.00000 0.00000 0.00000 0.08019 0.08019 0.00000 0.00000 0.00000 2.43274 
71.75 0.00000 0.00000 0.00000 0.00e+00 0.10 2.53 -2.43 0.00e+00 8.88e+37 1.04e-03 -nan 1.04e-03 0.00 0.00 0.00000 0.00000 0.00000 0.00000 0.08019 0.08019 0.00000 0.00000 0.00000 2.43274 
72.25 0.00000 0.00000 0.00000 0.00e+00 0.10 2.53 -2.43 0.00e+00 8.88e+37 8.42e-04 -nan 8.42e-04 0.00 0.00 0.00000 0.00000 0.00000 0.00000 0.08019 0.08019 0.00000 0.00000 0.00000 2.43274 
72.75 0.00000 0.00000 0.00000 0.00e+00 0.10 2.53 -2.43 0.00e+00 8.88e+37 6.82e-04 -nan 6.82e-04 0.00 0.00 0.00000 0.00000 0.00000 0.00000 0.08019 0.08019 0.00000 0.00000 0.00000 2.43274 
73.25 0.00000 0.00000 0.00000 0.00e+00 0.10 2.53 -2.43 0.00e+00 8.88e+37 5.52e-04 -nan 5.52e-04 0.00 0.00 0.00000 0.00000 0.00000 0.00000 0.08019 0.08019 0.00000 0.00000 0.00000 2.43274 
73.75 0.00000 0.00000 0.00000 0.00e+00 0.10 2.53 -2.43 0.00e+00 8.88e+37 4.47e-04 -nan 4.47e-04 0.00 0.00 0.00000 0.00000 0.00000 0.00000 0.08019 0.08019 0.00000 0.00000 0.00000 2.43274 
74.25 0.00000 0.00000 0.00000 0.00e+00 0.10 2.53 -2.43 0.00e+00 8.88e+37 3.61e-04 -nan 3.61e-04 0.00 0.00 0.00000 0.00000 0.00000 0.00000 0.08019 0.08019 0.00000 0.00000 0.00000 2.43274 
74.75 0.00000 0.00000 0.00000 0.00e+00 0.10 2.53 -2.43 0.00e+00 8.88e+37 2.92e-04 -nan 2.92e-04 0.00 0.00 0.00000 0.00000 0.00000 0.00000 0.08019 0.08019 0.00000 0.00000 0.00000 2.43274 
75.25 0.00000 0.00000 0.00000 0.00e+00 0.10 2.53 -2.43 0.00e+00 8.88e+37 2.36e-04 -nan 2.36e-04 0.00 0.00 0.00000 0.00000 0.00000 0.00000 0.08019 0.08019 0.00000 0.00000 0.00000 2.43274 
75.75 0.00000 0.00000 0.00000 0.00e+00 0.10 2.53 -2.43 0.00e+00 8.88e+37 1.91e-04 -nan 1.91e-04 0.00 0.00 0.00000 0.00000 0.00000 0.00000 0.08019 0.08019 0.00000 0.00000 0.00000 2.43274 
76.25 0.00000 0.00000 0.00000 0.00e+00 0.10 2.53 -2.43 0.00e+00 8.88e+37 1.55e-04 -nan 1.55e-04 0.00 0.00 0.00000 0.00000 0.00000 0.00000 0.08019 0.08019 0.00000 0.00000 0.00000 2.43274 
76.75 0.00000 0.00000 0.00000 0.00e+00 0.10 2.53 -2.43 0.00e+00 8.88e+37 1.25e-04 -nan 1.25e-04 0.00 0.00 0.00000 0.00000 0.00000 0.00000 0.08019 0.08019 0.00000 0.00000 0.00000 2.43274 
77.25 0.00000 0.00000 0.00000 0.00e+00 0.10 2.53 -2.43 0.00e+00 8.88e+37 1.01e-04 -nan 1.01e-04 0.00 0.00 0.00000 0.00000 0.00000 0.00000 0.08019 0.08019 0.00000 0.00000 0.00000 2.43274 
77.75 0.00000 0.00000 0.00000 0.00e+00 0.10 2.53 -2.43 0.00e+00 8.88e+37 8.17e-05 -nan 8.17e-05 0.00 0.00 0.00000 0.00000 0.00000 0.00000 0.08019 0.08019 0.00000 0.00000 0.00000 2.43274 
78.25 0.00000 0.00000 0.00000 0.00e+00 0.10 2.53 -2.43 0.00e+00 8.88e+37 6.60e-05 -nan 6.60e-05 0.00 0.00 0.00000 0.00000 0.00000 0.00000 0.08019 0.08019 0.00000 0.00000 0.00000 2.43274 
78.75 0.00000 0.00000 0.00000 0.00e+00 0.10 2.53 -2.43 0.00e+00 8.88e+37 5.33e-05 -nan 5.33e-05 0.00 0.00 0.00000 0.00000 0.00000 0.00000 0.08019 0.08019 0.00000 0.00000 0.00000 2.43274 
79.25 0.00000 0.00000 0.00000 0.00e+00 0.10 2.53 -2.43 0.00e+00 8.88e+37 4.31e-05 -nan 4.31e-05 0.00 0.00 0.00000 0.00000 0.00000 0.00000 0.08019 0.08019 0.00000 0.00000 0.00000 2.43274 
79.75 0.00000 0.00000 0.00000 0.00e+00 0.10 2.53 -2.43 0.00e+00 8.88e+37 3.48e-05 -nan 3.48e-05 0.00 0.00 0.00000 0.00000 0.00000 0.00000 0.08019 0.08019 0.00000 0.00000 0.00000 2.43274 
80.25 0.00000 0.00000 0.00000 0.00e+00 0.10 2.53 -2.43 0.00e+00 8.88e+37 2.81e-05 -nan 2.81e-05 0.00 0.00 0.00000 0.00000 0.00000 0.00000 0.08019 0.08019 0.00000 0.00000 0.00000 2.43274 
80.75 0.00000 0.00000 0.00000 0.00e+00 0.10 2.53 -2.43 0.00e+00 8.88e+37 2.27e-05 -nan 2.27e-05 0.00 0.00 0.00000 0.00000 0.00000 0.00000 0.08019 0.08019 0.00000 0.00000 0.00000 2.43274 
81.25 0.00000 0.00000 0.00000 0.00e+00 0.10 2.53 -2.43 0.00e+00 8.88e+37 1.83e-05 -nan 1.83e-05 0.00 0.00 0.00000 0.00000 0.00000 0.00000 0.08019 0.08019 0.00000 0.00000 0.00000 2.43274 
81.75 0.00000 0.00000 0.00000 0.00e+00 0.10 2.53 -2.43 0.00e+00 8.88e+37 1.48e-05 -nan 1.48e-05 0.00 0.00 0.00000 0.00000 0.00000 0.00000 0.08019 0.08019 0.00000 0.00000 0.00000 2.43274 
82.25 0.00000 0.00000 0.00000 0.00e+00 0.10 2.53 -2.43 0.00e+00 8.88e+37 1.19e-05 -nan 1.19e-05 0.00 0.00 0.00000 0.00000 0.00000 0.00000 0.08019 0.08019 0.00000 0.00000 0.00000 2.43274 
82.75 0.00000 0.00000 0.00000 0.00e+00 0.10 2.53 -2.43 0.00e+00 8.88e+37 9.63e-06 -nan 9.63e-06 0.00 0.00 0.00000 0.00000 0.00000 0.00000 0.08019 0.08019 0.00000 0.00000 0.00000 2.43274 
83.25 0.00000 0.00000 0.00000 0.00e+00 0.10 2.53 -2.43 0.00e+00 8.88e+37 7.77e-06 -nan 7.77e-06 0.00 0.00 0.00000 0.00000 0.00000 0.00000 0.08019 0.08019 0.00000 0.00000 0.00000 2.43274 
83.75 0.00000 0.00000 0.00000 0.00e+00 0.10 2.53 -2.43 0.00e+00 8.88e+37 6.27e-06 -nan 6.27e-06 0.00 0.00 0.00000 0.00000 0.00000 0.00000 0.08019 0.08019 0.00000 0.00000 0.00000 2.43274 
84.25 0.00000 0.00000 0.00000 0.00e+00 0.10 2.53 -2.43 0.00e+00 8.88e+37 5.06e-06 -nan 5.06e-06 0.00 0.00 0.00000 0.00000 0.00000 0.00000 0.08019 0.08019 0.00000 0.00000 0.00000 2.43274 
84.75 0.00000 0.00000 0.00000 0.00e+00 0.10 2.53 -2.43 0.00e+00 8.88e+37 4.08e-06 -nan 4.08e-06 0.00 0.00 0.00000 0.00000 0.00000 0.00000 0.08019 0.08019 0.00000 0.00000 0.00000 2.43274 
85.25 0.00000 0.00000 0.00000 0.00e+00 0.10 2.53 -2.43 0.00e+00 8.88e+37 3.29e-06 -nan 3.29e-06 0.00 0.00 0.00000 0.00000 0.00000 0.00000 0.08019 0.08019 0.00000 0.00000 0.00000 2.43274 
85.75 0.00000 0.00000 0.00000 0.00e+00 0.10 2.53 -2.43 0.00e+00 8.88e+37 2.65e-06 -nan 2.65e-06 0.00 0.00 0.00000 0.00000 0.00000 0.00000 0.08019 0.08019 0.00000 0.00000 0.00000 2.43274 
86.25 0.00000 0.00000 0.00000 0.00e+00 0.10 2.53 -2.43 0.00e+00 8.88e+37 2.14e-06 -nan 2.14e-06 0.00 0.00 0.00000 0.00000 0.00000 0.00000 0.08019 0.08019 0.00000 0.00000 0.00000 2.43274 
86.75 0.00000 0.00000 0.00000 0.00e+00 0.10 2.53 -2.43 0.00e+00 8.88e+37 1.72e-06 -nan 1.72e-06 0.00 0.00 0.00000 0.00000 0.00000 0.00000 0.08019 0.08019 0.00000 0.00000 0.00000 2.43274 
87.25 0.00000 0.00000 0.00000 0.00e+00 0.10 2.53 -2.43 0.00e+00 8.88e+37 1.39e-06 -nan 1.39e-06 0.00 0.00 0.00000 0.00000 0.00000 0.00000 0.08019 0.08019 0.00000 0.00000 0.00000 2.43274 
87.75 0.00000 0.00000 0.00000 0.00e+00 0.10 2.53 -2.43 0.00e+00 8.88e+37 1.12e-06 -nan 1.12e-06 0.00 0.00 0.00000 0.00000 0.00000 0.00000 0.08019 0.08019 0.00000 0.00000 0.00000 2.43274 
88.25 0.00000 0.00000 0.00000 0.00e+00 0.10 2.53 -2.43 0.00e+00 8.88e+37 9.02e-07 -nan 9.02e-07 0.00 0.00 0.00000 0.00000 0.00000 0.00000 0.08019 0.08019 0.00000 0.00000 0.00000 2.43274 
88.75 0.00000 0.00000 0.00000 0.00e+00 0.10 2.53 -2.43 0.00e+00 8.88e+37 7.27e-07 -nan 7.27e-07 0.00 0.00 0.00000 0.00000 0.00000 0.00000 0.08019 0.08019 0.00000 0.00000 0.00000 2.43274 
89.25 0.00000 0.00000 0.00000 0.00e+00 0.10 2.53 -2.43 0.00e+00 8.88e+37 5.86e-07 -nan 5.86e-07 0.00 0.00 0.00000 0.00000 0.00000 0.00000 0.08019 0.08019 0.00000 0.00000 0.00000 2.43274 
89.75 0.00000 0.00000 0.00000 0.00e+00 0.10 2.53 -2.43 0.00e+00 8.88e+37 4.72e-07 -nan 4.72e-07 0.00 0.00 0.00000 0.00000 0.00000 0.00000 0.08019 0.08019 0.00000 0.00000 0.00000 2.43274 
90.25 0.00000 0.00000 0.00000 0.00e+00 0.10 2.53 -2.43 0.00e+00 8.88e+37 3.80e-07 -nan 3.80e-07 0.00 0.00 0.00000 0.00000 0.00000 0.00000 0.08019 0.08019 0.00000 0.00000 0.00000 2.43274 
90.75 0.00000 0.00000 0.00000 0.00e+00 0.10 2.53 -2.43 0.00e+00 8.88e+37 3.06e-07 -nan 3.06e-07 0.00 0.00 0.00000 0.00000 0.00000 0.00000 0.08019 0.08019 0.00000 0.00000 0.00000 2.43274 
91.25 0.00000 0.00000 0.00000 0.00e+00 0.10 2.53 -2.43 0.00e+00 8.88e+37 2.46e-07 -nan 2.46e-07 0.00 0.00 0.00000 0.00000 0.00000 0.00000 0.08019 0.08019 0.00000 0.00000 0.00000 2.43274 
91.75 0.00000 0.00000 0.00000 0.00e+00 0.10 2.53 -2.43 0.00e+00 8.88e+37 1.98e-07 -nan 1.98e-07 0.00 0.00 0.00000 0.00000 0.00000 0.00000 0.08019 0.08019 0.00000 0.00000 0.00000 2.43274 
92.25 0.00000 0.00000 0.00000 0.00e+00 0.10 2.53 -2.43 0.00e+00 8.88e+37 1.60e-07 -nan 1.60e-07 0.00 0.00 0.00000 0.00000 0.00000 0.00000 0.08019 0.08019 0.00000 0.00000 0.00000 2.43274 
92.75 0.00000 0.00000 0.00000 0.00e+00 0.10 2.53 -2.43 0.00e+00 8.88e+37 1.29e-07 -nan 1.29e-07 0.00 0.00 0.00000 0.00000 0.00000 0.00000 0.08019 0.08019 0.00000 0.00000 0.00000 2.43274 
93.25 0.00000 0.00000 0.00000 0.00e+00 0.10 2.53 -2.43 0.00e+00 8.88e+37 1.03e-07 -nan 1.03e-07 0.00 0.00 0.00000 0.00000 0.00000 0.00000 0.08019 0.08019 0.00000 0.00000 0.00000 2.43274 
93.75 0.00000 0.00000 0.00000 0.00e+00 0.10 2.53 -2.43 0.00e+00 8.88e+37 8.32e-08 -nan 8.32e-08 0.00 0.00 0.00000 0.00000 0.00000 0.00000 0.08019 0.08019 0.00000 0.00000 0.00000 2.43274 
94.25 0.00000 0.00000 0.00000 0.00e+00 0.10 2.53 -2.43 0.00e+00 8.88e+37 6.70e-08 -nan 6.70e-08 0.00 0.00 0.00000 0.00000 0.00000 0.00000 0.08019 0.08019 0.00000 0.00000 0.00000 2.43274 
94.75 0.00000 0.00000 0.00000 0.00e+00 0.10 2.53 -2.43 0.00e+00 8.88e+37 5.39e-08 -nan 5.39e-08 0.00 0.00 0.00000 0.00000 0.00000 0.00000 0.08019 0.08019 0.00000 0.00000 0.00000 2.43274 
95.25 0.00000 0.00000 0.00000 0.00e+00 0.10 2.53 -2.43 0.00e+00 8.88e+37 4.33e-08 -nan 4.33e-08 0.00 0.00 0.00000 0.00000 0.00000 0.00000 0.08019 0.08019 0.00000 0.00000 0.00000 2.43274 
95.75 0.00000 0.00000 0.00000 0.00e+00 0.10 2.53 -2.43 0.00e+00 8.88e+37 3.49e-08 -nan 3.49e-08 0.00 0.00 0.00000 0.00000 0.00000 0.00000 0.08019 0.08019 0.00000 0.00000 0.00000 2.43274 
96.25 0.00000 0.00000 0.00000 0.00e+00 0.10 2.53 -2.43 0.00e+00 8.88e+37 2.80e-08 -nan 2.80e-08 0.00 0.00 0.00000 0.00000 0.00000 0.00000 0.08019 0.08019 0.00000 0.00000 0.00000 2.43274 
96.75 0.00000 0.00000 0.00000 0.00e+00 0.10 2.53 -2.43 0.00e+00 8.88e+37 2.26e-08 -nan 2.26e-08 0.00 0.00 0.00000 0.00000 0.00000 0.00000 0.08019 0.08019 0.00000 0.00000 0.00000 2.43274 
97.25 0.00000 0.00000 0.00000 0.00e+00 0.10 2.53 -2.43 0.00e+00 8.88e+37 1.81e-08 -nan 1.81e-08 0.00 0.00 0.00000 0.00000 0.00000 0.00000 0.08019 0.08019 0.00000 0.00000 0.00000 2.43274 
97.75 0.00000 0.00000 0.00000 0.00e+00 0.10 2.53 -2.43 0.00e+00 8.88e+37 1.46e-08 -nan 1.46e-08 0.00 0.00 0.00000 0.00000 0.00000 0.00000 0.08019 0.08019 0.00000 0.00000 0.00000 2.43274 
98.25 0.00000 0.00000 0.00000 0.00e+00 0.10 2.53 -2.43 0.00e+00 8.88e+37 1.17e-08 -nan 1.17e-08 0.00 0.00 0.00000 0.00000 0.00000 0.00000 0.08019 0.08019 0.00000 0.00000 0.00000 2.43274 
98.75 0.00000 0.00000 0.00000 0.00e+00 0.10 2.53 -2.43 0.00e+00 8.88e+37 9.42e-09 -nan 9.42e-09 0.00 0.00 0.00000 0.00000 0.00000 0.00000 0.08019 0.08019 0.00000 0.00000 0.00000 2.43274 
99.25 0.00000 0.00000 0.00000 0.00e+00 0.10 2.53 -2.43 0.00e+00 8.88e+37 7.57e-09 -nan 7.57e-09 0.00 0.00 0.00000 0.00000 0.00000 0.00000 0.08019 0.08019 0.00000 0.00000 0.00000 2.43274 
99.75 0.00000 0.00000 0.00000 0.00e+00 0.10 2.53 -2.43 0.00e+00 8.88e+37 6.09e-09 -nan 6.09e-09 0.00 0.00 0.00000 0.00000 0.00000 0.00000 0.08019 0.08019 0.00000 0.00000 0.00000 2.43274 
