5.999999999999999778e-01 1.486909456226915616e+01 
2.000000000000000000e+00 8.820326601629727037e+00 
3.399999999999999911e+00 5.328178573292198905e+00 
4.599999999999999645e+00 3.875474765754384876e+00 
6.000000000000000000e+00 3.858326886551181278e+00 
7.400000000000000355e+00 4.534933720881682895e+00 
8.599999999999999645e+00 4.945032055309953378e+00 
1.000000000000000000e+01 4.569049259853479761e+00 
1.140000000000000036e+01 3.969900738518636008e+00 
1.280000000000000071e+01 2.798177051482289901e+00 
1.400000000000000000e+01 2.055880233236205612e+00 
1.540000000000000036e+01 1.205740105319106803e+00 
1.680000000000000071e+01 6.017436811932368457e-01 
1.800000000000000000e+01 3.211330105327209750e-01 
1.939999999999999858e+01 0.000000000000000000e+00 
2.080000000000000071e+01 0.000000000000000000e+00 
2.200000000000000000e+01 0.000000000000000000e+00 
2.339999999999999858e+01 0.000000000000000000e+00 
2.480000000000000071e+01 0.000000000000000000e+00 
2.600000000000000000e+01 0.000000000000000000e+00 
2.739999999999999858e+01 0.000000000000000000e+00 
2.880000000000000071e+01 0.000000000000000000e+00 
3.019999999999999929e+01 0.000000000000000000e+00 
