1.963764749427570511e+00 2.814864588447062665e+00
3.993390445125168497e+00 4.515678694158076212e+00
6.023016140822765152e+00 5.181878988708886524e+00
7.998518484635091852e+00 5.446219931271477854e+00
9.974020828447420328e+00 5.009216985763377039e+00
1.200364652414501698e+01 4.370690148911798190e+00
1.401860022686166474e+01 3.828937571592210709e+00
1.600877456365494211e+01 3.152548682703321781e+00
1.801133858340990201e+01 2.911127475045001134e+00
2.001390260316486902e+01 2.652219358533791649e+00
2.201451035718903881e+01 2.280025773195876404e+00
2.404054956571351553e+01 1.928937571592210798e+00
2.603952709829535195e+01 1.744126256841033396e+00
2.802415868218471573e+01 1.385352233676976130e+00
3.003976447347829648e+01 1.014246849942726403e+00
3.202928672169463908e+01 8.755154639175257714e-01
3.403185074144959543e+01 7.010236549755446411e-01
3.603441476120455889e+01 4.559994272623137945e-01
3.803697878095952944e+01 2.229349624538619068e-01
4.001248112477185970e+01 3.796003109147436660e-01
4.204210682046944925e+01 1.405371006745577134e-01
4.403032489153193296e+01 1.791809851088199679e-01
4.599311150809410975e+01 3.410652920962142787e-02
4.804979887973433250e+01 3.207331042382577380e-03
5.005236289948929596e+01 1.094565355733934098e-03
5.205492691924426651e+01 -8.676975945017595393e-03
