5.000000000000000000e-01 8.640000000000000568e+01
1.000000000000000000e+00 7.679999999999999716e+01
1.500000000000000000e+00 7.409999999999999432e+01
2.000000000000000000e+00 4.160000000000000142e+01
2.500000000000000000e+00 3.114999999999999858e+01
3.000000000000000000e+00 2.830000000000000071e+01
3.500000000000000000e+00 3.779999999999999716e+01
4.000000000000000000e+00 2.580000000000000071e+01
4.500000000000000000e+00 1.250000000000000000e+01
5.000000000000000000e+00 8.000000000000000000e+00
5.500000000000000000e+00 7.200000000000000178e+00
6.000000000000000000e+00 5.299999999999999822e+00
6.500000000000000000e+00 4.349999999999999645e+00
7.000000000000000000e+00 3.299999999999999822e+00
7.500000000000000000e+00 2.399999999999999911e+00
8.000000000000000000e+00 1.600000000000000089e+00
8.500000000000000000e+00 1.100000000000000089e+00
9.000000000000000000e+00 1.132206257632138557e+00
9.500000000000000000e+00 1.113552075737386460e+00
1.000000000000000000e+01 9.798812546181325800e-01
1.050000000000000000e+01 8.190666360389357026e-01
1.100000000000000000e+01 6.743282370843679541e-01
1.150000000000000000e+01 5.708118757528635179e-01
1.200000000000000000e+01 4.894227971924438592e-01
1.250000000000000000e+01 4.882824209617822597e-01
1.300000000000000000e+01 4.719861984266406907e-01
1.350000000000000000e+01 5.338328987409047821e-01
1.400000000000000000e+01 4.452462449276236023e-01
1.450000000000000000e+01 3.556897206576071224e-01
